247
132
-129
193
122
42
-258
51
182
127
-4
-12
-133
-59
57
-119
-244
226
33
-287
312
-322
116
-24
-74
23
-29
205
-31
130
-24
-21
-1460
-534
192
-48
-495
-3
-3018
2001
-68
-151
32
1
86
448
-37
501
321
2471
27
-4361
-2558
281
287
4
-648
36
-24
556
31
-920
-1321
35
-5697
1502
-2367
-4551
-18638
6
18490
-4825
-4616
-4990
-2
4
4704
-5255
-5186
4749
-6949
2777
6
-7024
-13532
4860
-5112
4
2735
-3
-9
-5504
-7
4512
1588
-14
-1196
-1096
789
-1
-288
67
-3050
1799
-27
-195
-72
-73
57
80
-64
838
1111
2325
-54
-4260
-2269
562
271
-84
-422
-52
29
32
-68
-1315
-293
77
380
729
93
327
-11
50
-326
-70
313
152
2
21
-233
-61
-372
50
164
-38
3
-140
224
258
-38
26
-214
-3
-14
-34
22
140
-144
34
-186
-192
-347
158
-82
-149
-353
309
170
322
26
43
-47
187
-859
-201
114
128
-12
-379
-290
351
-75
44
-300
-3
31
-38
28
-79
-148
-55
-4797
-850
539
-666
-739
-36
2381
697
-712
-998
0
-2
794
109
-1264
-437
-435
-202
-24
1515
-3270
-366
-285
5
-244
-15
35
179
5
-1436
-73
-27
-5136
6708
-6059
-4885
15695
28
13333
-25395
-4820
-4473
-4
-9
4693
1272
-4623
-3323
2239
2949
-3
6700
8195
-3083
-274
-10
6199
2
5
1606
2
-1739
6580
29
-4713
-402
14
-773
-683
-38
2406
728
-808
-977
16
22
878
155
-1271
12
155
-457
8
2032
-3339
-35
54
23
-197
22
-8
22
27
-1571
-833
11
-240
-96
179
-86
-56
31
-478
158
-71
102
-7
-29
90
-49
-304
-163
143
217
4
-443
-252
22
128
-29
-59
8
-18
-232
-5
-88
-230
55
