-2368
-1304
1843
-21
-13
-8
0
-19
6380
1199
-4
4801
-23
-39
-8
3865
2033
1636
-1
-1506
12
19
7
13
-497
33
5975
14
1370
2
-8
-22
1662
-1218
-272
11
3
2
-12
12
-2853
922
11
-441
12
1
3
-4739
-6802
-2052
1
1014
2
-9
0
-5
-1159
-391
-541
-3
2480
-6
1
12
-2154
285
597
-18
-16
-4
12
-10
3304
-1008
-11
1018
-19
-10
-6
4436
5959
1448
-3
-249
6
7
-4
-4
852
-50
1314
0
-2338
0
-5
-19
-2163
-1649
1467
-14
-9
-2
10
-11
4205
-710
-14
2707
-15
-5
-5
3362
5100
1562
5
339
3
8
6
4
407
-1160
2981
10
-1463
3
-3
-15
-8861
7771
3843
-9
-20
-8
16
-16
10469
-5734
-25
1148
-6
10
-4
1878
7911
-6873
23
7888
-3
12
11
19
4471
3030
-2840
26
6495
9
1
-8
74
15
-58
21
2
4
-11
18
-46
35
12
-10
25
22
6
-116
-19
43
5
-30
-9
-15
1
1
14
-84
34
6
-17
-6
17
24
986
-4219
912
-18
-14
-11
11
-25
-12042
-2984
-23
-5470
-18
-11
-1
4674
7959
-2772
15
4367
38
23
43
35
-3397
-1869
-1225
29
-3866
29
-15
-19
-3550
8923
-7430
-16
1
-8
13
-18
1371
-98
-6
3069
-17
-16
1
-1977
-10503
4114
-7
-17497
38
15
26
17
251
476
2808
-8
7497
37
-22
-17
-2153
-1738
1506
-14
-9
-3
10
-11
4239
-681
-14
2771
-15
-5
-5
3297
5041
1544
5
384
3
9
5
4
381
-1185
3010
10
-1422
2
-3
-15
-2095
-2216
1715
-16
-8
-3
12
-13
4404
-496
-15
3177
-18
-5
-5
2873
4736
1570
4
628
1
11
2
5
215
-1375
3137
9
-1113
0
-5
-18
-72
4
43
2
1
1
4
2
-5
-15
-1
36
2
8
1
42
71
-17
-1
50
-1
-2
-2
-2
30
34
22
-2
-9
-1
0
2
-41
-80
48
-15
-2
-3
12
-11
29
-23
-10
67
-17
-6
-4
63
41
-23
-4
-8
5
8
-1
-2
22
-30
59
-5
19
3
-10
-17
2138
1859
-1584
12
6
3
-8
10
-4328
644
11
-2835
13
6
4
-3219
-4890
-1457
-4
-493
-4
-8
-5
-4
-327
1203
-3004
-6
1361
-2
5
13
-890
-3628
2659
14
10
4
-4
9
1438
121
5
2335
15
14
8
-79
536
-83
2
2740
-1
-8
1
-4
-1468
-3655
2032
-5
691
-5
1
14
-2028
-2449
1813
6
14
-2
-11
-2
5042
-540
6
2907
5
-7
3
3140
4803
1521
0
1023
15
3
7
4
304
-1347
3121
-8
-1159
4
-14
6
916
4089
-2280
-2
-7
-3
3
-1
-855
-366
-6
-1781
-1
3
-3
1802
1822
330
4
-3418
-1
0
-4
-2
1156
3332
-1562
2
-2090
-1
0
-2
-1506
-5487
3506
3
-13
-3
5
10
2074
-602
1
2922
4
10
1
-1036
1309
673
1
4060
-11
-9
-13
-14
-512
-3931
2544
-2
653
-15
4
3
1890
1364
-2693
55
19
10
-29
32
-4246
54
30
-1923
61
32
17
-393
-2424
-450
6
-431
5
-26
6
6
-2051
-1099
-1283
6
1865
-3
31
61
-74
26
-11
7
1
2
1
6
31
-7
1
46
8
13
3
-15
56
29
1
-23
-4
-6
-2
-2
-16
10
23
-1
-32
-3
5
7
-2954
-1551
2410
-16
5
-2
2
-11
1737
2103
-2
-1145
-20
-23
-7
37
-2474
-1800
-8
5175
7
10
2
-1
-1187
-4494
-548
-12
7591
7
-13
-18
-2737
2710
3004
5
11
3
-18
-4
1171
-2796
6
1646
3
-26
5
-1091
720
-4836
-7
8851
26
5
7
4
1016
-4037
-3725
-8
5911
16
-1
4
1043
3962
-2360
-13
-17
-5
12
-7
-1070
-414
-14
-1671
-13
1
-7
1677
1379
458
4
-3523
-8
5
-9
-4
1129
3413
-1729
5
-1691
-5
-4
-14
-1511
-2934
2213
5
0
0
4
5
1793
39
-1
2682
5
13
3
673
1665
15
3
2249
-2
-5
-3
-4
-1252
-3069
2260
1
160
-6
0
5
-42
-74
49
-17
-2
-3
13
-12
15
-27
-11
60
-20
-7
-4
75
53
-16
-4
-6
5
9
-1
-2
17
-5
57
-6
23
3
-11
-19
2183
-205
-626
14
8
1
-14
12
-3223
1113
20
-1298
14
-4
4
-4544
-6257
-1821
-7
758
-2
-9
-6
-4
-781
469
-1610
-8
2004
-4
2
15
-56
21
9
9
1
2
0
7
1
-18
2
59
10
13
4
-5
59
-12
1
64
-3
-6
-2
-2
16
33
26
-1
-30
-2
5
10
79
-15
29
-8
-2
-2
1
-7
-35
-19
-2
-48
-9
-13
-3
11
-43
-50
-2
69
5
7
1
2
39
16
-22
0
19
3
-6
-9
-1092
-3952
2838
22
19
7
-12
13
1513
-4
12
2273
23
13
11
-384
435
-31
1
2983
5
-11
9
0
-1360
-3789
2136
-5
708
1
4
23
-54
-40
48
-4
0
0
7
-3
-52
-34
-4
26
-5
3
0
87
75
-47
-2
81
1
1
-2
-2
20
24
49
-4
6
0
-5
-5
486
2694
-2209
-18
-1
-2
-7
-20
-658
-884
-3
-1159
-21
-40
-9
-1305
-820
-590
-5
-3082
19
20
15
16
2651
3693
-1923
3
-791
21
-12
-20
2068
-977
-395
8
1
1
-13
11
-2664
1173
23
-608
8
-18
1
-4733
-6655
-1541
-12
1099
-5
-9
-5
-4
-1104
-163
-816
-1
2080
-3
7
9
-32
3
-25
11
1
2
-6
8
-115
20
6
-49
12
9
3
81
15
-2
2
32
-4
-7
1
1
-37
-70
18
3
41
-2
8
12
