-377
-128
226
-98
-509
-351
-216
58
-385
139
573
285
-80
237
-478
29
53
-301
-145
-327
-397
-712
-109
610
49
282
-88
196
-334
-222
54
-149
-597
2479
-451
-345
2770
-765
3290
-1961
2743
-2844
-3605
2142
-3606
-1360
1894
-2033
-1429
863
-1263
-43
-2140
-3278
2806
-1797
3074
980
-2142
671
-896
-583
-452
-18
22806
16428
1574
7876
740
21571
10740
-7777
17919
2021
17309
-6031
-3719
-19045
-907
-6514
-3375
18211
11194
2952
-2236
-3074
17210
866
3066
-8063
1466
-16214
14255
6550
-749
13006
-596
2568
-643
-386
2838
-775
3127
-2050
3119
-3452
-4389
2015
-4151
-1427
2564
-2127
-1517
1008
-1322
237
-1988
-4225
2932
-2412
3079
750
-8549
718
-871
-569
-7240
-35
-208
-60
-51
-220
-499
-337
416
-27
-212
9
-59
76
58
84
96
15
41
-69
-165
-90
-150
-528
-66
98
244
93
350
72
-546
-299
-635
-147
79
317
-194
60
145
-120
582
-292
399
-509
-614
204
-289
-230
176
-281
-175
244
3
96
-269
-794
366
-145
6
-3
-304
59
-244
-113
-419
50
2440
442
-1129
1507
3216
2934
-1273
-643
2251
-1716
-2131
-1306
737
-1772
1826
-890
-1106
1772
1052
1080
2179
4033
1379
-1803
-1816
-2247
269
-876
2865
1936
607
1349
8386
-17421
489
3034
7422
9298
631
16480
2022
9909
2293
-16939
2188
14480
-18206
21041
16302
-5236
10114
23013
18602
-8099
-18225
-9343
-2025
-10444
-1562
-4678
21293
11554
-2352
917
2280
497
-1145
1466
2376
2948
-1291
-583
2334
-1901
-1931
-1553
864
-1783
2300
-846
-1102
1839
1120
976
2310
3851
1390
-2571
-1548
-2299
-2699
-963
2821
1847
8233
1340
-135
442
-9
52
236
62
-309
-233
513
-703
-253
254
-502
-156
205
-181
-70
202
-114
-247
-262
-266
344
-176
-140
51
-1159
43
169
26
96
55
