-5682
-342
-839
1419
-6488
0
1429
420
-19079
-6381
322
4235
604
327
0
-1078
-186
-1053
616
-1699
-1798
0
-507
-1935
-663
-593
-3780
-1784
2772
-17830
5600
673
-4195
-8081
1412
-2592
1267
-6864
-1928
201
-543
3429
178
2233
-1980
-5082
0
-22809
-2368
-1550
-1269
1188
-3177
-1
-505
-2610
5825
-4203
-863
-2381
5548
6265
6929
-3150
1565
-3786
4919
2816
-2207
-2103
314
3057
1557
-119
992
-2845
-486
-1882
0
-2402
901
5224
-223
-974
3823
-1074
3045
6988
1859
972
3204
290
-1856
-3238
-5252
3491
3557
-3090
1649
85
-3753
-7870
1618
2313
375
955
2524
2253
951
2012
0
-3033
1940
5997
-1212
404
4382
-5946
2433
2621
1863
-334
8178
-101
-136
-1766
43
2400
2452
-2216
1963
308
-979
-3695
378
1532
-604
317
-224
-757
1104
1960
0
231
657
-209
937
1479
2000
-2965
-36
2821
1059
1726
2265
-286
-3205
3239
2299
2678
-11989
-253
-503
433
0
0
1463
-5968
0
-4744
-19529
-753
-3235
1517
0
1169
-3946
1718
1579
733
-4685
0
3030
-4783
102
-65
-2029
-813
5017
0
0
-4519
-1324
0
220
-851
-49
0
-764
-2939
-6
-752
-460
-539
-935
827
0
-1561
-5026
339
1008
1504
-2069
0
2708
-2697
1138
-5965
-5894
-1672
7167
-2225
173
135
-1498
3137
-4350
-1693
-2428
-867
5142
3330
3790
-2365
-797
465
3620
3863
0
-2943
4900
596
4262
7811
373
-1453
-2335
1355
1473
4136
-3155
1013
-18487
-5540
0
67
312
0
-2871
2506
-8770
0
2047
1660
5067
-2546
-342
746
3627
477
0
327
1690
1487
3392
2345
1593
2111
1154
3079
4829
-1539
-599
1723
1451
-11394
-8091
1951
-1103
1203
-1886
-20
0
1936
167
-3081
-761
554
-758
217
-3728
-179
0
311
-657
-3543
-1075
-2069
88
-678
81
525
-2199
-512
-5402
-6340
3046
0
0
-5055
-5082
1340
-339
-1507
5036
0
5391
-3777
-4511
-130
195
1688
-1818
0
0
3957
-4807
-4958
165
930
-2802
-390
3432
-4112
-3896
-1146
-4690
-6986
5232
6430
3320
-1201
511
1063
-178
-496
4912
903
-597
-7325
-3607
1267
293
3023
207
-1597
0
3507
735
-7033
-482
-4574
-3422
-748
3986
-10567
-2222
-5517
5952
3966
4948
2846
1530
-5929
-1062
426
-690
220
64
2236
4236
-948
-80
324
74
-677
-1878
-3086
0
595
3425
-1714
-2107
-2038
-653
2839
1326
-1245
894
-2758
2688
549
-3055
774
-2017
-1537
-5213
6574
-2005
-3695
-6997
9895
4155
-1368
2934
-2607
-2161
-2154
-3565
-3163
0
1976
-2324
-6323
1865
2953
-3346
3736
-4463
-11436
-301
-5657
-2779
-3847
0
0
0
2861
1248
976
-2291
1691
5391
467
-2714
-2878
-4197
2562
-2532
1430
-1472
274
0
5643
-1689
-1925
517
819
-5226
2611
-349
-6613
-4236
-8840
480
608
2853
3148
4310
-4286
-1485
-607
2995
-2076
0
-3900
-304
-6662
-3929
1493
-1030
-187
-3307
1615
0
1284
-1294
-3189
1739
-4044
-14004
84
-12766
92
-3418
-3683
-9830
-6810
-1315
0
0
-3542
309
-31
398
-805
-117
4192
3615
-1097
-2709
2272
1662
1249
-2265
1683
0
800
235
-3444
146
-2318
385
8556
-4796
-9304
-1058
6511
-7024
-2878
7864
0
0
-968
-9618
0
-6571
-66
989
0
2832
-2985
-3482
-4734
813
-2069
-8652
-301
0
388
-6014
4633
1471
5028
-3893
-4414
-850
-1725
4549
503
-1814
-4094
2372
-1078
1176
1867
1363
611
3521
3640
-5914
-8785
-2572
1263
1409
-2262
-94
-2015
2539
3553
0
2820
2385
3719
-1682
-358
3103
-11907
1466
385
409
2320
7732
7392
-3311
-5239
-13934
2432
-6245
-7517
-1024
1956
0
0
-85
-5520
-13359
2256
1194
2966
-7720
-606
0
-1959
435
-5111
495
750
2611
0
3364
3819
214
806
-310
-10592
6974
0
0
-8056
303
-2571
2804
-1780
0
-8320
4212
-1662
-1186
2041
1098
-1376
-1333
-108
0
-2599
-313
-2323
-2212
-968
-906
-7381
-3408
511
-3194
6619
-5306
-6632
-8699
0
0
1386
-1717
4911
-1493
962
1148
2229
2859
-4417
-1956
-310
-741
1880
-7
-54
0
2378
7446
-564
-779
-2233
-739
341
-1964
-3041
-2138
-1660
2472
1194
-5584
-414
-246
-1339
-3424
0
-2558
-2160
4081
0
168
-7651
2478
-1559
861
-8740
-3790
880
0
0
-17288
1175
276
6280
-2426
-5465
-692
-12078
-781
-12252
-983
232
-3890
9814
4096
-1994
232
-507
-3720
-41
4161
-1586
-2204
195
-399
-167
-1906
1744
-336
-66
0
-801
649
283
-554
1648
-2093
1986
-1732
-919
-522
-423
736
2538
415
2714
4198
432
-76
1624
452
-930
1120
3898
432
681
915
1011
1001
295
-1102
1
0
-797
-1481
-413
-357
-1124
1216
2235
-2134
1237
1631
1948
-892
-1358
2427
372
-1170
-105
2289
289
-5145
143
5157
1646
845
-1135
-3250
-561
-6599
4315
2031
-3886
0
1672
-1033
-1628
2904
-1826
4446
5623
272
826
-972
-2027
144
2412
-4102
266
-1514
-2307
10
350
427
26
1543
1423
907
-988
-2948
-679
-552
-18
-1701
2305
0
-431
987
-2093
-227
-1990
-1916
673
-353
-584
1860
-536
-780
-2528
468
2695
3325
-2324
1349
5102
-2081
3305
2021
4935
1255
2123
-1031
-2646
-4548
710
-1772
-2539
0
972
1205
2719
3282
-545
-4517
9384
5783
1145
4103
-2563
57
5037
-167
-53
-2250
-6818
-7077
1550
-2427
2863
0
0
-2670
-5946
-15181
2638
2253
4838
-11453
988
0
-90
1115
-6563
-1186
-2122
-8295
0
1192
-7897
-1974
-795
-3249
-5765
6787
0
0
-8053
-1400
-749
-1285
-1026
0
31
-541
-2654
-3287
-3962
-6126
3960
5788
677
0
2755
-3382
-422
-2901
-1205
2945
-7294
-1250
-2537
-2956
-1514
-3586
1607
1702
0
0
1688
587
-1614
1577
127
-1558
-3232
2285
-1288
-1150
-69
-312
1391
1175
1102
0
-7827
-6496
-699
-1487
2015
-1000
-1251
-951
-3745
487
-1163
895
560
1061
-765
1188
-282
7869
6904
4577
1427
-5799
7813
392
5785
181
3344
2032
-1187
391
62
0
6598
3181
-805
-194
209
1803
-511
7990
4761
931
-368
-1796
5137
1550
-1911
271
453
