-12240    664
 -6142  -2436
 -8030   5257
 -4562  19205
  7040   6070
 12171  -7444
    44   4978
  1520  27759
 13096 -12525
 15326 -13006
   395 -13913
-29723 -23924
-14019  15407
  8382  -2363
 -6545   6078
 15224   7740
-11015  -2584
  6507 -25260
 -4097   9065
 -3683   -731
-14758    973
  7908 -18996
 -2636   6221
-20432 -13647
  6945 -16373
-11323  26636
-13699  -1655
 -6851 -18350
  2385  12289
 -8506   8720
 -9742   1432
  8859  -8841
 -2558  -6504
  5447 -23257
 -2236   3285
  5442  14074
  6261 -17944
  4623   -980
 -3645  -7857
   117   -621
  1842 -10192
  -565 -19556
  3874  13320
 13296  -5758
 -3931   8087
  3280 -27618
  1048  -8031
  6464 -17692
 -2258  -7883
-14280 -19863
-20095   5380
-12002  -2703
-11440   3370
-10427  12070
 -1363  29331
 -3135  14814
-21159   2938
 10936 -26302
   176  11735
-14146   2715
  -358   8370
-15097   -603
 -4715 -30039
  -598  20401
  9175 -13323
 10774  -8740
-10559  -3538
-25129   3172
 12532  32767
    18  18222
  5777   4092
  2233   5346
  -615 -20953
 -1469  -1495
  4591 -22240
-13739 -13284
-12815  -1767
  3352  13787
-21951   6832
  7341 -19277
 -1926   9552
-12629  -1271
  1991  21488
  7682  12388
  8479  -4087
 12136  24483
  1157 -19489
  3073 -17663
-19121   1362
-11560 -14069
 -2154  29196
   364   7751
-19839  25693
  2499 -20453
-13308  -5616
-22003 -22357
  6879 -15941
  -895  20763
  1938 -15900
-13965 -10977
   849 -17395
 -3208 -10921
-13644   1147
  6615  31298
-11293   9666
 -6512 -27661
  1051  17169
  9696   -684
  7773 -11774
-14759 -19628
  6214   3567
 -6247  15210
  7478  -9877
  4700  22455
  -651 -22702
 -4377    979
 -1477  19198
-32768 -25654
 10149 -19057
 -1813   7809
-14816  -5532
-10481   7965
  7570   6480
 -1852  18289
-12982  20691
-10274    431
-11111  -3063
  6789 -12030
-13784   6308
  3428 -32768
 -4561   6352
 12758 -18578
  6133   7515
  9262  10345
 -1497   2465
-32768 -23147
 19302 -10939
 -5364  -4359
 -8281 -11097
 -3012  13292
 -3274  -9045
 -9514   9274
-10854   4261
  5486  11249
 -4350  29789
 14566  -5646
   -13 -11219
 -9455 -11049
 -4514  -7342
 -6299  32767
  1125  -8484
-10827 -10484
  6453 -22052
-14217  -3168
  -893  -8788
-24011  22874
  -252   2281
 -8809  16260
-14376 -16179
  7339 -11799
-19970  30385
-30132 -25066
  8840  -3674
  1549   1092
-23132 -10909
-17469 -11493
  1809   7156
   107  24490
   841 -10845
-14545   1373
 -6669 -11317
 -3958   -676
 -2819  24067
 11638 -16101
 -3608   -958
  5398 -11826
  -434  18839
 11982  -6044
 10837  -8677
 -2544  12435
  4088  -2590
  4843  -3657
 -4534   -466
 -8877 -10411
 -4959   -803
 -2738 -17993
 -4766  -1148
-15281 -21024
  -631 -23450
  4497  14733
 10371   4098
  3314  -3214
  -958 -17042
 -2351  31763
 12056  -8225
 -1947 -17654
 -3160  -5964
  1153 -19274
 -6260  30687
 11596  -4142
-22570  17827
 -3284 -16425
  1320  32767
  5485 -23887
 -1921  12432
  -947  -4781
-18744   1652
 -1200    742
 10795  13812
 -3339   3288
  7558   1728
  -883  14797
  7114 -12802
 -2587  19427
-10780  26513
  3701  11895
 16500  -8792
  4759  -3468
  6688 -22010
-30331   5861
  8133  -4446
 -5762  29181
 -4899  -9586
  5104 -16904
  1003  31013
 -2597 -32157
  4741  -9153
 11677  -9849
 -1405 -19815
  2057  -4858
 12680   1953
  4547 -11748
-21343  -3865
  4117   5766
 -9682   7191
  5774  -5039
  9019 -19880
  -254   -832
-23277 -15974
-13101 -12357
  6129 -12606
  2959 -12368
   632  -5806
  3839   8147
 -5450 -14974
  4974   1365
  1053 -23796
 -3728  -5828
  8667  -8407
 -9887  21678
-15073  -1881
 12463  20158
  1851  18001
 -6835  -6205
-18955 -12409
  8744  -1368
 -4979    524
 13080   2440
 11073  -8192
 -6284  16757
  4496 -21239
 10312 -10074
 18261 -28416
 -3341  -7814
 -1600 -12363
 -2868 -12315
 -5221 -24129
  8219  -7671
-27351  18837
-25128 -23927
  3933  15638
  4888  22947
 13144   1709
 11232   -592
  5082    857
 -7807  -5335
-11137   4023
 -6686   5285
  8041  13377
  -414 -14172
  8448  -7525
 -3027   -312
 12576  -4105
-10587 -13480
  4585  -8312
 -2604 -12791
   200   1702
  3344 -20175
 -4093  10562
  3484 -10271
 -1066 -18313
 -3191  -6722
-11386  13096
  2805  17550
  2554   6030
  -473  14463
 -7090 -12310
-22917 -24743
-10603  -2524
 -7853   1265
 -8583  32767
-15860  -7866
   -42 -20656
  8494  -1048
 11707  -7331
 -7613  -1610
  -353  -1404
  4728  -9771
-30737 -21155
  7854   -202
   695  15336
 -9010 -20489
  3707 -13697
-13542  -1345
-32768 -25236
  6227 -17298
 -1986  13110
-22669   8023
-12219  20900
 -7375  15620
 11895  -8627
 -1041   8891
  7986   5960
 -5417  18891
-26565 -32397
 14495 -19108
  2986   4893
-10759  -6116
  6487 -29608
 -8977  22285
  2959 -16914
-23171  15219
 10113 -29041
  -185  -9084
  8763   1826
 10078  -4216
 -8909  -2710
 -8952  -7938
 -7092 -10030
-13768  23320
-16873   1149
  3867  23269
  4383  32767
-21046     35
  -111  19919
-14345  11521
-13461  -8886
  6131  23291
   954   9902
  3887  10156
  8798   6621
 -6499  -4278
-32682 -21389
 -4167 -20594
 -2892  -3906
-18954  -2286
 -7856  -6949
  -795   -578
  7354   1378
  1161   3677
  8276 -17344
  5066  -5413
 -5089  16822
  9966  -9841
  3984 -11841
 -8832 -15333
  3356 -11047
  6854  -3440
  7405   -357
  4716   5464
  5860  15486
 -3137 -21076
  5725 -17973
   918  -2530
 -6092  -5986
   554   2101
 -1521  12220
-11952  -5455
  4637  14180
  -758   9381
-30126 -11272
 10662 -16102
-13317  -5849
-15436 -22125
  8256  30177
  4851  -3650
 14006 -12928
 13271  -8326
  2605 -14599
 -4366  -3257
 -8577 -12036
  4304  -3726
 -4923  13693
  9221  -5122
-11782   3182
 -8918  -3194
  -376 -30762
 -5080   5462
  2643   6413
  8797   5847
 14726   1440
 -3317 -14591
-23647 -20110
-11599 -12645
  5164 -14447
  7500   1425
  8216  -5958
  3867  16624
  8512  -1381
  -380   5839
 -3014  14143
  1699 -20018
 -4699   8022
-26798  -2176
-19709 -15873
 -3542  -5441
  -110  -2880
-20401  12853
  8203  -4565
-12425  25651
  9634  -7790
  6355  32767
-14759  -9974
   441 -22309
 -4957  32767
  8850 -29350
 -2139  -4281
  9808 -26622
  -292   5431
  6440 -31009
 -6502  -4355
 -5017  -7348
 -2854  10541
  1381  13502
 -3791   8566
 -5669   -886
-31166  -8527
 -6595 -13517
 -3968  10924
  5074  13207
 12705 -13662
  4855    739
  5488  -4464
  9152   5555
  5739  18016
  1711 -15235
 -4129  -1289
 -2454  -8528
  2092  -8815
 13813   2859
  6245 -12915
-13721 -23053
  -679 -32570
-11285  18053
  5003 -31438
 -4146  15508
 11122 -19844
 10344 -13971
-20421 -11973
  5442 -23847
  7364   5829
 -5633 -20348
  4149  -4417
-13226 -10936
 -5510 -21896
  7740  -3689
  1547 -11541
-16241  -2784
-12788  14709
 -4262  19900
-13606  32728
-16200  -7677
  8837  27886
  7233   6521
  6788  -5460
  1739   9127
 12590  -8125
 11603  -7371
  4758 -14548
  8885 -10011
  6598 -21418
   239   3959
  1140   2328
  4397 -11152
 11545  -5097
-13127   -559
  -603   6993
-19690   7205
-27326 -13643
-16301 -16861
 14313 -23367
-22396   9681
-18933     68
   779  13108
-11138  23644
  5093 -13662
-25627  14322
 14958 -25713
-14954   5618
-11704 -15009
 -6399  32767
  5721  20579
 -5780  29981
  5255 -32768
 -3825   9505
 10159   5200
 11766      4
   679  -5664
 -1663   -282
   795   2361
  9424 -13828
-13073 -15768
 -4475 -24201
  1044  17098
  6283   2032
-10200   2406
  5556  -7627
 10948 -12530
 -5960  -7318
  3339 -12421
  3457  12551
  5781  -3017
-14940  -9150
 -6176   3420
  3110  24205
  8263   2860
   782    521
-16769   7910
  3073  17036
  7985  13464
  1839  11674
  5394   1486
 -2545  -1839
 -1886  -5989
  9680 -24090
 -1577   4936
-20348 -32768
  6964  10247
 -4719   1806
   654  -9874
  1513  19988
  5069  16970
 11762 -10374
  2050  17505
  8173 -14598
 11803 -12117
 -4503  -7701
 -2231 -10223
  3767 -32768
-12375   8076
  7749  -4553
  5605  10036
  2896  -9766
  -825 -10845
 -3066 -14105
  5603  -2861
  9004  -2896
 -7608   9176
-14132    307
  2965   4847
-19171   1061
 -8660  -9013
 -3525  -1273
  9159   -855
  3692 -11408
-13527 -19879
  2405 -28259
 -5242  -4121
  5769  -7437
   938  12233
 -8346 -16711
-23946 -10660
-13298  -7208
-24233 -15325
  3505  13124
-10863   6169
  5766  11269
-13359   2202
   795   3954
 -6094  21848
  9394  11204
 11243   3315
  6703 -24859
 -1450  29737
  5702 -16929
  7915  -5978
  1260 -24852
-15257  -4388
 -1258 -21594
-21934   8361
 -2701   3589
-14116  19223
  2356  14698
   759  18261
  5612 -12346
 -4361   2016
  2739  11065
-24592  -7246
 -4548   3504
 10197  -1982
-23261   4477
 -3784 -10041
-24897 -10284
-24559 -15932
  7175   6826
  -142   2252
  2874  -4998
 10486    540
-22089   -342
  4350 -16431
 -3389  19885
  7370 -24562
  3248    275
 15602 -11267
  -300 -21811
  3208   2566
-13447 -14254
-16500 -13171
  2996 -22742
  1941  16047
  8672    594
 14533 -18399
 -8077  10346
  5058  21047
  4080 -21575
 -3928 -16715
  3287 -14996
-20342 -11699
  9770 -14086
-10857   -140
 -6889 -12792
 -1434   7086
-22084   7035
  -110  -5306
 -4313  25336
-17527 -10593
 -9633 -15118
 -7068 -10651
  2726 -13782
 -9583  19641
  4791  -6389
-10314  25826
  4190 -24586
 -9499   3178
  7635    799
-17731   6952
 -8808 -10442
   568 -16926
-15467   8540
 10232 -15811
 -4459  25221
  8180    -51
 13874  -5803
    75  20517
  5307 -18822
 -1306 -12774
 13687 -12623
 -8504  10203
  4776  -4126
 -9494  27005
  1122   4162
 -5850   6748
-11406   1942
  -928  -7919
  -745   6299
 13461 -19870
  2532   2219
-19738 -32768
 -4006  -2043
-23257 -23991
  3475  24077
  2866  -3947
 -3107  17814
  7683   -557
  8877  12635
  7235  -8280
-32768  -7884
 18600 -20390
  -729  -7676
  8764  -6548
   867 -22214
 14809 -10735
-10344 -13726
  2389 -23112
  2973 -10868
 -6324  11083
  9888   5924
-11263   3918
-16157   7839
 14954  30249
 -6953  13444
  3878  -6089
-10989  32767
  3769   5194
-31878   3982
-16996 -15331
  5948 -22540
  1221  11491
 13010   1423
-10168  10480
  7839 -23401
  5011  -3611
   711 -18484
  3011  -3364
  7457  -1559
   251  24333
  7459 -21017
  1479 -19032
 -2602  -3607
 -5983  -4761
  5651   9598
-12979  13058
  7679 -28971
 -5129   -321
-11742 -18694
  3686 -20218
 -4281 -14358
-13826  -2072
 15944  12878
 -3947   5830
  1769   1450
 -3466   6215
-11122   8631
 -4780  15599
  4596   7099
 -9250 -26433
  1936    503
   -22   9139
   355  12836
-16402  -4678
 11987  19503
 -9496  21611
 -4803 -32768
   268   7617
  7200  11544
  6996   6771
 -2165   -398
-22342 -23765
  7851 -15892
-11732  14648
  8142   5172
  -316  13132
-18016  -7114
-21349 -25406
 -2534  27113
 11499  -9509
-13540   -333
  2820 -18131
-14345  11282
   686 -28756
 -8249  27486
-22876 -17420
  3498   4472
 -2225  12252
-22722 -21103
  7729 -13115
 -3682  32767
 10078    148
  6702   4295
 17110   4711
 -6526 -25034
  2288  14402
 13076  -3361
 -3509  13173
 13642  -2003
 12273 -32768
  6925  -1586
 -5821  -9601
  6652 -28781
 -1957  13845
  8757   -349
  4859   5952
    66 -25295
  1087   7416
-11183 -23437
 -1909 -31384
  -368  14772
  -491   6902
  1496  17322
   344  -8418
-16844   9074
-12525 -14478
-21320 -21906
 -4247  -9922
 -8222  -5214
  4329  -4963
 -3735  17803
-11773  12922
  4371 -26949
 -3876  14953
-13984 -13101
 -3232 -13708
  2086    608
 -2454  -2292
  5558 -22946
 -3261   2741
-11884  -5238
 -5114  -2150
  -750  -7012
  8698 -16438
  2622   1164
  4535 -30995
  2079   7829
 11447 -21840
 -4426  -7381
 -7997 -22402
 -5411  13854
 -1779   4697
 -1085  -3355
 -4523   2142
  9674   5683
  4162  -8030
  4776  -2068
 -2784  -6340
  2706   1199
 -3156  -5583
 -5228   2247
-16234  -1704
  3037 -17624
  9457 -11998
 -2830  -9291
  9043  -4021
 -6504  -5811
-14354 -23509
-13589  -7311
-11493    572
   439  13627
-15976  18009
  5125 -23410
  1404   3636
 10844 -10376
 -7945 -11080
  5126  -6780
  7423   9646
  3111  -7976
  1372 -25934
-18113  -6682
  6526 -13938
  1033  -6304
  4143 -22042
 -4957 -14408
 13812  -3751
  7965  -4996
 -5504  -2942
-20272  13770
 14743  11870
  3701   1841
 -4351   6355
  9422   3046
 -2411   4014
-11883 -17602
 -2336  -4511
 -5537  13831
  7847 -17460
 10338 -14883
 11204 -12756
  6487  15727
 13172  -7803
 -3193 -20268
  -979  -3544
  2959   3398
  7670  19674
-20273 -26905
 -8938 -16082
-29595   1014
-10812 -12132
  8773  32767
-15622   8888
 -6217    -68
  5095   7218
 -7837  27863
  5247  -3767
 13394 -12787
  3069 -19047
 -7767  -6263
 11363  -9808
-17941   8116
-16213 -20691
-15186  10415
-14797  18826
 -9086   1927
 -6149  15461
  -272  12513
  2498  15905
  6280  -8730
  -165 -13824
 -6940   -365
 -3872   8065
-17273   6596
-12104  12867
-13882  15351
  2124  28835
  6349  22644
 -3526  -4809
  1567   8111
  3163   3952
 -2583  -6980
  6938   2240
-11635  -2856
-19759   5955
 -9314   7320
  6315  23219
  2157  14519
  2300  15404
 11870  -7219
  -691 -17306
 -4310   1171
  4690  -1191
 -8516  -2997
  2864   2665
  7438   4419
 -2444   7086
   351 -25070
 -2970  12850
  4951  -5300
  -191   8714
 -4818  -3565
 -6704  -9000
 -6842 -18289
-10615  17708
 -7740 -12846
-20666    691
  6163  11270
   769  13524
  8436  17951
 -3152  -8167
-25571  -5289
 10655 -12400
-14313  -5661
 -1309  -9102
 -6641  32767
  5232 -11314
-10196   3273
 -2366  13713
 -5439  10898
 -3906 -16325
  -942 -11208
  1204  12516
 -6330   1191
 -7089  14277
  8159    220
-31587   8095
  7458 -29888
-18732  15742
  -202  13360
 -8301   1843
-18893   9491
  6600  19056
 -7766  32767
-19385 -31597
 12244 -18982
 -3526   7723
  9725   4988
  8213   1467
-11427  -9414
 -2445   9922
  7895  14591
  8318   8688
 20189  -2458
  7924 -31291
  2177   8895
 10033 -16540
  6967  -5714
  5741   2048
  3707   6832
 -6386  18624
   147 -31577
 -4448  10855
 10096 -24343
 -6304  -6612
 -4915 -16963
  5611   -952
-32652  13382
 -4074 -30375
 -1653  32767
  3511   6299
 10603  -4134
-32768 -10904
 -1200 -13649
 -2973 -16292
  6305 -10376
 -3392   -781
  8352 -14593
 12493 -13397
 -3769 -18945
 -5609  -2968
 -2142 -23086
 -3655 -17313
 -5845  -4770
   -17   7875
 -1563  13084
  1730   9176
  2707   9013
  7605  -7398
 -1370  -6449
 -3053 -16280
  2613   4608
 -2548 -14832
  7359  -5579
 -1483 -21363
-11372   1068
-13956 -17560
-15087  -3228
  5319 -20811
 -1139  23017
  4170  15893
  8134   6612
  7407   8691
-10416 -20695
 -4650   1340
   294   5876
 -5156   -843
 -6758 -14883
  2250  30354
 -1009 -17222
 -5029 -29090
-15293   4988
 -4353  -6735
-13186  32226
  -208 -24345
  3070  12034
  6137  -5622
  3409 -28436
  1785   1819
 12125 -20507
  6366 -14050
-12705  -1321
   130   9023
-28607  16767
  2482    120
-20923  11734
 -1172 -11724
   742  23322
  1799  -3496
 -8530 -24356
  2906   1537
-16518  -4062
  1592  -2769
  8822   2318
   608 -27697
   359  19595
  2141   1184
  4851   -584
-32768 -27530
 13006 -18724
 -8197   8206
  2702  15204
 15168 -12122
   967  14216
  8304 -20750
 -6164   3090
  7058  -5117
-12997  23207
-15163 -26930
  2753 -19052
 -1463   -353
-12041 -10113
-16672 -22569
  3085  12440
 -6141  20510
  -737  -2358
 -3202 -26629
   298  15340
 10649    373
 13274   9901
  4853  -6415
  8081 -13405
-21105 -10695
     4   8169
 -6325   7362
-16321 -17163
 -7738   1077
  2965  25746
  -566   7671
-17585   8560
  3374 -19176
-12287  -2818
  6808  -1177
  6559  22334
 -4133  -2564
  9883   6887
-14450  25861
 -4457 -32643
 -4042  29291
 11488   2590
  8720   1751
  7797  17499
  9904 -20197
  2879   3575
  5275  17246
  3572   4085
-13848 -26858
 -5100   7253
  6698 -11970
  -325  -9693
  6879  -8160
 -5501 -21746
 15597   -927
-13832  -3553
-18172  -5945
  4349  -2482
  4936  11861
 -4889   4171
  8079  12141
  7159  12558
 -1671  -8581
 -4466 -31458
  -519   5310
  9934 -16387
  9953   5601
  6024 -31755
 -7938  -2946
  2531   -468
-11212   4991
  6474 -21072
  3894   1173
 12959  -9904
    75  21006
 15764 -11106
  7190 -16648
  4293  12962
  5734   9354
  8703 -25425
 -5402 -12488
-31587 -14606
 -1443   1487
  2252  -7334
 -4412  -5735
  4984   2705
   317  17920
-23207 -31018
  5900   3592
-16616 -16463
 -1075 -32768
 -1660   3228
 14703   7529
 -8822 -11210
  5216  -8011
-14540  -5706
 -5768 -32768
-14516   2946
-12514    310
-18537  -1144
 -8289  32767
 11759   8476
-27427  20727
-17731 -32768
 10981  -7546
  4074  -9566
  8566 -19480
  7574 -26212
 -4330  -9071
  4612   1942
 -2858   3042
-13780 -24863
  1643  11647
 -3187 -10669
  7083  -8585
 -2280  -6986
   356 -25506
 -1451  30091
  7345  -5788
 -3798 -22686
 -3741  -4751
-22602 -18640
 -2087  -7233
  1366   1630
-21754  -2196
-32768 -29038
  4156 -14520
  2002   5923
-10309   3061
-19193 -12874
  3922  -1730
-14218  32767
  6225 -23172
  1364  -7751
  3019  -7198
  4643   7084
  6481   2063
 -3036  -9688
  3823  26125
  1804  -7502
 -5978  -4292
  4781  -7777
-14259  12578
-21267 -23899
  1279  -4962
-18038   4800
 -5573   9140
 16361  -6631
 -3427 -12646
  9224  -2824
  6445   5376
  7294  -9076
  -149  19436
  6604  -3648
-18112   8981
 -8104 -26066
 -4648 -15523
  1225   6690
-12347 -17678
  9157 -11357
 -3857  -8148
  1496 -15455
-11331  -7907
-24627  -6781
 -9766 -19888
  1827  10917
  8929 -10359
-13516   1460
-11382  -1099
 -2404   1448
 -3404  30132
 -2034  -6612
 -1370   3833
 -2579 -18877
 -1369  19870
 12662    459
  4191 -15042
 10426 -12264
 -1707  10318
  1352  14121
 10540   2764
-15758 -13817
 -2178 -18681
-18565   4212
  5833  11512
 -7008  13773
  -180   4217
 -4463   5602
   371  -5795
  5997 -28978
-10441    246
  7824  -4876
-29227  14912
   844     93
   795  15373
 -5663 -19193
 -3660  -2172
  -861  20378
 13451  -4957
-16800   -860
 -7773  -7666
 -3425  26147
   448  25043
  -444   5956
  7660    630
-14871   4030
-21408  -1906
-20583    356
-15683  -6682
-11399  10874
 12530  22443
 -3012   7813
 12740   6855
  8107   5916
  7434  -1893
-28427  -9034
-18869 -16119
 15756 -20678
 -1773  12330
 -6466  -5886
-12279  18087
  5830  24783
   982  15053
 -1300   2597
-14055   -209
  4154 -18722
 -5153  26441
 -8872  -8744
  1731  10116
  5656  13723
  6853   7477
 -5509 -16851
-15076   -544
-28448  -1656
 13591  -9273
 -5312   2555
 10098   -851
  8413   3637
 -4887  -3578
-19776 -17625
  3554  -9283
 -7980  16812
 -1075 -10441
-24147    707
  6020 -24724
 -1670  13506
 14295   -153
 -6277   6494
 -6966   4265
  8752  -1128
 -6925  -3818
  5702 -12521
-10622  -8365
 -8038 -16135
 -4656  25825
  5246 -17596
 -4693  -7907
  4020 -16732
 -9351   3155
  1660  -6635
   -17   2978
  8599   8539
 11769  -3273
 15831   5008
-19174 -14009
  -565 -30644
 -2980  26755
 10404   3575
  8229   3920
 11306   -116
  3179  -2792
 -6254  -4818
   824  10270
  6146   9243
  2279   8798
  6759  18059
  8840 -16626
 10290  -2749
  5200 -11417
-14132  -6589
  1583 -30421
 -7652  23875
-17379   2979
 11058   6146
 -5587  32125
  3307  -4012
  2342  20022
 10940 -13958
 -2522  -7138
 -2565 -29244
 -2343  32767
  3331  -4206
  4341  18592
-14956 -15899
  6900 -32768
-15293  20204
 -2544 -16333
 -5682  30173
-11581 -28010
  8137  -1387
  2358 -17159
 12624  -8355
   289  -3118
  3305  -8797
 -8657  11916
-14885   8672
  1182  23379
  2106  14004
  8306  -9887
  -756  -9256
  1385  -1261
 -6400  17367
 -2775   5074
-25173   6839
  1703   -733
 -6971   2542
  3529  -1518
  7900   9876
 -1030   8768
-16200 -32300
  9381  -7058
  4055  -3606
 11957  -6776
-21692   8135
-11971 -24839
 -7542   4658
 -2556  19112
  1177  20644
 11677   1501
 16883  -1967
 13819   5014
  5014 -23692
  8189  -6615
-14786  -1924
 -8867 -17399
  7420  20790
 -5831    919
-10715 -13072
 12106 -10889
-10197   5426
-13113 -13823
  3932  13377
-16914   5878
  3787    457
   890  19354
 -9245  -6214
-11565  14674
 -8773  20799
 -2768  15529
-13096  11508
-11371   1954
-16365  20266
  6805  -2323
  7866   2040
 -1900  -3387
  3534 -20871
 -4035  -1613
  -814  -6574
  1072   1538
 -3542  -2768
  7841  -9354
-12659   6268
 -7774   4796
  4053  14889
   770 -11265
 12899  -1624
  6959  -2284
 15482 -10341
 -2557 -13739
 -7728  -4941
 -2423  25685
 -5382  -6331
  7080   -604
   799  -3782
-11428  -7441
  2364   7129
-19680   6331
 -1066 -15700
 -6331  32613
 14706  -8808
-12421 -12408
 15785 -21048
 -2806 -12137
  8023 -13328
 11196   9205
 -6081  -2711
 -8028   7576
   -41  13455
  -310   8580
 -1588  -4082
  3521 -23751
  -484  25426
  1213  -2375
 13638  -8262
 -4333  -5959
  8440   7509
-11904  -2236
-25619  -6040
 -2941 -10539
  4870   5138
  -880  -4343
 -8481  -1690
 -2807   7819
 -5944   8603
  1320    730
-17600 -21786
  6133  -3740
 -4167  20443
  4483  -3041
-32768   4871
-10941 -17448
 10586 -17343
-11838  10738
 10098  -4890
-20232  15545
-13288 -17122
 12064  14017
 -9463  -5552
  6108 -11029
  3316  13160
  3813 -11377
 10373  -9301
  9729  -9996
-15562   9510
-18469 -22531
 11226 -16104
   348   7413
  -693    594
  3926   1984
  5849   5273
  1056  -7275
  3803 -18205
   -90  -8916
 -3404 -18787
-15493 -12079
 -6655 -11916
 -9197 -13315
  3875  -9913
 -3446  17198
  1675 -11998
-25425 -20935
  8062 -21024
 -7068  14539
 13724  -2755
  8600 -17429
 -4890 -15856
  8679 -10333
  2368 -20593
  -760  -7651
  6257  16682
  7319  -8227
 12855   5073
 10615  -1054
  3098  -5284
  1956 -27751
 -4205  18119
 11866   7006
 10985  -8317
-23807  13903
-28159 -22046
  4262 -13428
 -1652  16834
  5216  -2358
  2784  22552
     1 -16036
 -3402  -6934
-21118  10395
   710 -17269
 -6743  27565
 12792   3109
  -306 -13366
 -4076 -20377
 -1988  -4454
 -4678   7804
-15291 -20331
 14449  -9026
   954 -18054
 11752  -1761
 -8230   1150
-15870  -9135
 -4431  26402
  6688    204
 -9183   5271
 -8322   1977
  2651   9757
-20978  19015
 -6596   7595
 -6063  26609
-11921   3916
   620  16562
  6031   4002
-10674   1853
 -5332  -7076
   305  -4367
-15736   4809
-16020  16435
  2969  15066
  9942   5310
 -1372  -8233
 -7130 -20108
  4421   1005
  -641  16273
  7193   5263
  9590 -10806
 -1168   4005
 -6858   5727
 -3885  24281
  4167   2866
  8718   4643
  2715   7653
  3392   1072
-11496  12352
  1090 -29199
   721  -3712
  2543 -10893
 -2262  -1860
-20225   3194
  4476 -16562
 -4726  -6990
 -5554 -25578
 -9833    222
-18420  -6055
-14464  -2757
 -1994 -12140
   320   3067
-18263  -6910
  2543 -13880
 -2724  14027
  6215  11526
  6111   4597
  4164  -3238
 -6239  14601
  9583  -2867
 -9778 -18700
-10137 -26041
  3632 -10807
  2930  10648
 -5530  14676
-12507 -20131
-15652   6632
-18149  -5407
-15407  -6351
   452  -4000
 -4750  32767
  8437 -28487
-15530  -2574
-16214  -9184
-14228  11166
-18222  -3203
  8649  -5852
 -9549   -955
-21559  -2715
  5958 -13104
 -7723  -4589
  3790 -25261
 -5654   1683
 11984  -3528
  1575  -3710
-32768 -19095
 -4031 -11130
 -3614  -8203
  4052 -22394
  3637    826
 10341 -10361
  3883  13523
  6420 -10410
  7725 -22797
 -4995   3004
 10403  -4062
 -3261  -7568
-11897  -3216
  1053     -3
  5351  15943
  4064  16487
  2148   -630
-18074   8894
 -8482  -8598
 11572  11089
-16617  -1456
-11229   2789
-13419  14632
 -2483  -5665
-10572  11705
  4015   4599
 -3274   2033
 -8036  -6089
 -1737   9949
  2809  17586
-10450  -4494
-27661  -1976
  1864 -14262
  1187  -5325
 -5650   4416
-16109  13558
   981   7413
 -2556  -8403
-10792   6377
 -8037  -1858
-27935  -3170
-18617 -10786
 13879 -16859
 -6571  -3781
  8700   -655
 -5062   6089
-22480 -31762
   829   6024
-16057  25252
  4909 -32768
 -8151  32767
  3960   2439
 11513   6466
 -9563 -12036
 -1755 -21779
-12791  27852
-29983 -26821
  1840   9176
  1445  12232
 -2269   8879
 -8905  -3900
  5492 -23233
  -678  -8427
 -2847   1395
   482 -32768
 -5906   2156
 -2336   9567
-20033 -31027
-14510  -7262
-24194   -148
 14437 -20221
 -8704  32767
 14429   4660
 12860  -5870
  2601 -11564
  5689   4034
-32768 -26668
-22062 -10659
  3728 -16215
  4796   4727
  -448  19130
 13449 -10918
 -5818  -9706
  3549   1584
 -6476  -5480
  2339    429
   360   9751
 10546   1483
  1425  -9397
-12351   1559
-28519   2308
   842 -18499
 -2679 -12612
 -1065  -4719
 -5728  -9723
  7190  -5402
 -4745 -16520
  1427  -1017
 10312   6905
-21047  -5640
  5289 -32768
-12238   9450
 12245  13070
 -4971  12995
  4937 -23978
-16253  -1543
  4957  23191
  -930  15578
 -2008   2176
 -3557    683
 -3129  28342
-15124   7350
-13596   2819
 10533  -1454
  4094  -3961
  3414 -25927
 -3740  -3034
 -7908 -10040
  1892 -20057
-14161   -791
-23746 -23410
 13178   9430
-24383  10051
 -3450   7026
 -1006   4396
  4113  -5022
-18557   6990
 13146  12673
-21854   8704
  -211   3722
-21566   2411
  3848  -3312
-11843  20260
 -6963 -23680
   236  30442
-21234   8566
  -145 -31449
  3190  -4468
   -22  -4901
  3500 -24077
 -3287  10813
 12096   4895
 18316  -9764
   754  -1886
  3184  -1784
 15347  -7941
  6373 -15574
  9842 -29269
  -304 -13253
-10329  -3037
 -2167 -25380
 -3875  15345
 -2451  15375
  1005   3596
  7346  -3151
  3334 -10825
-11124  30808
-32768 -31320
 16669 -15030
 -4160  -4432
 10538 -25583
 -2157  -7139
 17576   5746
  7514 -16845
-12687  -4121
-13722 -22096
  6901 -20641
 -9444  -2809
  4088   2705
 -1235  17416
  7829   3054
 -2377   9561
-27248 -18786
 12815 -10700
  5596   2851
-18582   -173
-13298 -32768
  2928 -11895
  3750 -12588
 15160 -14553
-22483   -664
  1101  -3931
 -6695   6070
  2742  -8877
-24727 -11391
  9576   8279
-23050  20959
 -3392 -32768
 -3583  15544
  7471  -6885
-10481    518
  1044   1154
 -6970  27777
  4054  -6876
 -1086 -31364
  -622  23188
  9824  15461
 13496  -9740
 -3161  -7330
   652  14379
  1972  -7803
-20137 -30486
 11031   7419
    90  -6127
  8357   -383
  7397   1853
-29910   5991
  -701  -7249
  2141  31568
  6718  -7433
  3321  22531
 10362  -6856
 -3430 -15917
-24203 -15704
  -864  -4055
 -6766   5756
  7173 -12189
  5035 -10998
 -1859  16282
 -7891  -1502
 -9526  -3560
  3456  19215
-19425    830
 -5439 -17122
 -5072  25255
  2378  -3877
-14110 -17930
  2388  11976
 12706   -331
-27945  22001
-28245 -28027
 12944 -16638
 -3458  -3521
 14976  -5975
-23549   3867
    43 -16810
-21054   4827
 -5381    575
-18070   7279
 11592  -6075
  -649  24407
 10768    301
  7313  -5840
-10780  29751
  4625 -16698
  2452  -9317
  4568  -8925
  3907  -2372
-10158  -5607
-21443 -21426
-11350  22949
 -2271 -10802
  1340  17500
-12216   1937
 -5381   1746
-14185  17281
 -1433   6980
 -4832  32767
  9211  -9683
 11002 -17857
  6713   5898
  3859    473
-21305   2909
 -4514 -29957
 -1482 -13045
-10343 -10608
 11139  12275
   748  -2677
-10001   4587
  1605  -8532
 -5830   5703
 -3568  -9305
  1814   9620
  2595  -4196
  7518  -9223
  6372  -2574
 -3233   8489
  3884  -7013
-11585   1309
 -4164  -5135
-15564   4763
  3444   5772
-31210   -509
-11060 -11569
 -2838    992
-17452  13235
  4042  17627
 -5025  18996
-16750 -16470
-11803 -11904
  1311  -2555
 -4296  32767
  9632  -8786
  3310  20765
 -8069 -11133
 -2212 -32584
-15551  -1234
-26378 -30752
-27170  -7900
 -2896 -15287
  3275  15939
 -4007    958
 -4662  -3280
  8332  28777
 -3491  -2984
  8711 -31331
  6395  -1996
-32119 -28689
 -7021  -2479
  6198 -21397
  4338  -1805
  4625  10777
 10427   -307
 -5475  24509
  4293 -22654
 -2605    729
  3020   5936
 -1514  -4219
-13983  -8351
  1917 -32768
 -2559  -9126
  9871 -12441
 -1620  13174
  4336  13072
 10723   7730
  9702  -5717
 12227 -15341
  7701    594
 -4367 -22566
-22318 -11401
  2224 -22177
 -6885  10289
   949   3679
  -279 -20212
  4757   -417
 -6004  22243
  5799  12992
  9467   -513
 -1912   8694
  6783  -1327
-24813  14349
   798   -469
 -2306   1997
-24167  -4275
-24810 -27205
 10659  12262
-19414  -2059
  8909 -32768
-13009  15130
  1766   -178
  7710   9216
-25078   8091
 -7938 -18184
  6853  13077
  3468  16456
 10637   1031
 -5052 -12293
 -5584  -2899
-32768 -23601
  9857  -1414
 -1061  23247
  1519  -1890
-15333   8360
  4345  16317
 -5707  14272
 -3414 -20725
  1635   3711
-21900   5135
  1616 -25057
-13836   9505
    26 -15627
-22041  21780
  3557 -25477
 -9196   4690
-22032 -11032
 15047   1152
 -5716  26223
 -6553 -11213
  6022 -23443
 -6815  15722
  9468  -2500
 -1473 -15631
 -1597   6820
 -5674  22417
   935  18738
 10392  -1758
-32091   -174
  6011 -24032
  3092    671
  2280 -17175
 -4921   4772
  5095  11084
  4768  16162
 -3779  -9493
 -1928 -21433
  1715 -17406
 -2644  -2833
 -2730   4177
-11113   7974
 -3627 -13654
 -6316  19969
  3148 -32768
 -2732   7195
 10167  -6771
 -8085 -12357
  -424 -17835
 -2821   9807
  8787  -3372
 -6914  29659
-32768 -28134
  6968 -20659
-23806  15839
  8285   8122
 -2033   -182
  1854  21965
  5863  -1884
  2711  13210
  3062  -1656
-17865 -14821
 -4067 -10805
-15775  -7685
  6956  12548
  -808  -5667
  9105   3386
-12856   2438
 12370 -14134
-16194  32767
   794  -4378
  3283  11919
 -7198  -2053
 -5680   6555
-19919  -4605
  2003   9213
  7769  -9063
  1808 -32768
 -1625  -3173
  2498  -7196
-23814 -32768
 -9243   3332
    33   9044
 -7602  27953
  7980   -852
  6949  -3713
 -7076   4565
  1804   1843
  4577 -29794
 -3576   -470
-12382  -9844
   916   2144
  -383  22763
  1879 -15036
 -4088  10601
 11367    868
 -1627   9316
 -6992 -11382
  3922  -4454
-15591  14990
  3735  -4951
-10264  11475
-16821   1602
  8432 -15633
 -2008  -6089
 11053   3709
  9950   5765
 12289  -1935
 -9785  -6091
-16613   9437
 -3683   2987
  1913  32767
  1337  16974
 -1928   8477
  8577   1178
 -3918  24321
 -1972  19909
  7677  -3065
  2407 -23017
 -2908   3278
 -5209  21455
  8658  -2759
-32738   1782
-19722 -15984
  7758 -19670
 -1003   3321
  9877  -4472
-31147  -4128
   -98   2592
 -6544  10371
 -9468  -3504
   855  11542
  5462   4387
  5997 -16837
 -3074 -14578
 12461   6976
  8711  11060
 10698  -8896
  5799  14271
  9224  -5093
  3961 -23539
  1341  14209
 -2393   1264
 -1305   2777
 -9071   7735
  3810 -21527
 -8407  -7773
  9313 -27852
-19363   5672
-12850 -17640
-11782  22374
 -9686  28791
  1819  25850
-10213  15827
-14268 -24120
  7950  -7185
  1100  -2846
 10057 -30608
  2509  -3740
  7885  -1841
  5266 -22341
  4764  -8906
  3070    496
 -6066  -7933
-14385  14942
-15731  12417
  4020  22991
   253  18922
 -1719  -4660
  2067  -7276
 -2283   3676
  2518 -22785
 -6155  -8545
  4864    346
  8158  13645
 10476   -958
 11785  20365
-30238 -30540
 13320 -23995
 -1063 -11146
 -8519  -6402
 -2724 -14235
-10680  27040
 -7205 -18445
 -4999  27327
  9046   3696
  1490   5094
  4042 -11763
   590  -8377
 -8817  -3358
  2663  22373
 -2022   7168
  8329   2015
 -1845 -18600
-14081  -5741
-14681  -7497
  9805  19604
-21314  10260
-18870 -20608
-22458  16582
  7328   5433
  2485  15233
    39   2255
 10352  -3998
 -8392  32767
   919 -32768
-13506   6171
 -6832 -13538
 -2990   9476
   -89  20452
 11073   6230
 17176   7174
 -3640 -27527
 -2000 -32768
  2887 -10744
 -3351  -4523
   549  -9566
   -37  28986
  7693 -21168
 -4959  -3504
 -3473  -8033
 13773 -11885
 11313 -19198
  6274  -3739
-18005  -9435
 -6456 -10835
  2042 -13784
  2989  -3483
  5563    697
 10138 -18671
  6464  -3744
-11011 -21956
-14057 -14044
 -4396  -2153
 -3266   4578
-18419  13805
-13754 -15670
  9374  -6952
 -3761  -8263
 -8652   -862
 -3510  -4896
  4079   6366
 -7132  -5880
  5981 -14212
 16336  -9849
  6262 -29669
 -2428  -8126
  -392  -1174
 -9713  13398
  2096 -26506
 -5886  -3772
 -3791   -206
 10185  -6989
  6165 -32768
 -6263  18685
 14916 -11137
 -5498   5657
  5494 -18026
 -6088  -6207
-21468 -12182
 17345  24333
 -5048  24612
  4387   8321
  7484   1933
-32768 -10937
 10250 -12388
 -8240   1125
  2793  10081
   622  13518
 -1085  -6115
  7147   8871
 -2317  -8226
  -443  -1126
  3398 -15440
  2103 -18642
 -7584 -10333
  2766   2982
-10430  10471
 11082  12579
  6076  23363
  7647   7552
 11801  -2436
  4201   -218
 -7919  -9113
  3443   -887
 10945  -9933
 -1081 -10816
  3952  -3635
 11705   5285
  9906  10906
 12597   3515
 10524 -32768
 -4696 -10713
 -8211   -518
 -4753 -27577
 -3594  15892
  7644 -10397
  5514  -4150
  4130   4789
 -2138 -18534
  1085  -4191
 11454 -16558
 -7334 -12975
-13781  -9731
 -9935  12281
  4489  19688
-13953   9505
  5028  18192
 -1814   3389
-13399  19875
  8058  -2605
-32768   6185
-26849 -14816
  7911 -14564
-13748   2549
  2328  20069
  4557   4542
 -3833   -458
 -3874  10289
 -2887 -11434
-24351 -11433
-16042 -21938
 12555    973
-19449  15374
  9271  -6719
 -1264  15044
-11289  -6041
 -1579 -20953
  2868  32767
  3347  -1985
  2843  18810
 -5474   1667
 -7216  -7484
-24798  -5729
  3333 -32335
 -8299  24061
 10256    -53
 15993   2501
  8488   4306
 12707 -27359
   192 -11202
  6957 -11176
  5092   1549
  8578   1670
 -7210  -9253
-15335   2560
  6008   2521
 -8726   3099
  8439 -14706
  3277   -147
    31   1936
 14340 -13893
 -6049  -3067
 -9761 -11228
 -9144  -4256
 -2897  13318
 -8912  28516
     1  -4856
-23526 -16086
 14038 -12850
 -5231   8602
 11093  -1315
 12941   -589
  9817  13795
  9980  -4301
  2440  12415
  2847  -8474
 -6955  16063
 10263  12329
  7423  -5173
 -3758 -13886
-20043 -16710
 11149   -720
 -8776  -5234
  5291  -3113
  2970  21394
  9819   5954
  8626   9141
  9575  -4399
 13603  -6176
    28 -19018
 -3740   1198
  6930   3220
 -5315  -3640
  5959 -26335
   100   2949
  8182   8820
  1792   2388
  5205    948
-17949  -3908
-15089   4087
  1575   6572
-14233   -159
 -1901 -10977
 -4183  22352
 -1825  17620
  4341 -14794
  2407  28739
 -2214 -32766
 -6934  -4426
-16204 -15026
-19957  13064
 -1511  10903
  5853   3791
-23864   5048
 -2141   2643
  2468  18132
-32768 -16400
 13426 -14072
  3986 -14090
   238  -9806
  6238  -4446
 -1589  17671
-20784 -16509
 -2841 -10380
   961  12974
  1354  -2247
  4634  -3610
  3545  14992
-23576 -28211
-16354   2558
  5609  13732
 -9100  26659
 -9966 -21394
  5400   7222
  8283  11024
  5326  10804
  1292  -5886
 -9944 -13301
 -1370  13146
 10100 -12308
 13027 -13420
 -7348 -10492
-17785  -7245
   -80  18653
 -2325  16214
  5950   -231
-22020  17016
 -8760 -25142
-11899  -3815
-18661   6272
-15366   3374
-17335 -18551
  6301  15417
  2662   9587
  8479   9608
  -701   4811
 15356  10980
  4790 -17091
  3174 -11704
  6182  -3739
-10282  -1408
 -2750 -32768
 -1824  11413
  9862   4976
  9192 -11346
   162   8174
  3866  -8138
-16075 -30751
-18220  10434
  8332  24743
  4576  13390
 -4069  -3171
-26509  -3141
-14479   1652
  5153  32767
  5109   8884
  2982   7141
-12915   1092
-15068   7589
  5413    -55
 -7609   1750
-25060  -3405
  9976  -8456
-26794  32767
 -1302 -10716
-11388  23224
  5609  -3807
 -1307   2789
 -1111 -17259
 -5624  -1631
  -444   9277
   879  24783
 14658 -10633
 14097 -12671
  9825 -13253
  3253 -10115
  8241  -4886
  5250   5636
  7571  -9084
  9846 -17922
  3131  -9179
-18640  -3386
-21111 -11984
 10375 -30732
 -2774   9222
-18292   1646
-14513   7507
 -1688   1661
  7243 -23797
-23052  15495
 10174   8910
 -5350  16701
   -83 -16207
  8251   -686
 -3037  -1108
  -651 -32768
-10116  32767
-19852 -23953
  6888   1134
 -8108   7137
  3714 -21488
 -2105   3240
    24  -8827
 -7192 -24959
-12183   6057
  2686  11448
-20973  11173
-32366 -17070
-16797 -16037
  5214  21854
  6252  11817
 12772   5795
  9315   9067
  7871   -487
 10071   6895
 16154 -23359
  7354 -15560
  7304   -973
-14071  -6611
  4568    333
 -5896   2636
 -8858 -18735
  -549  20283
  4795 -10475
  4686 -14744
-13922  -8486
  3168  25899
  2012  19712
  3041   9406
  4657  17081
 12083   -260
 14698  20714
  9908 -17877
  9844 -25128
  4383 -12442
  6547 -18819
  5180   6578
 -5674  -4965
-16417   2459
  5706  19310
  1484  11117
 -5869  -9787
   769   5113
  9569   3737
 14473  -3186
  7579 -22718
  6949   7001
  -510   -317
 -8274  12842
-10367  13350
-13712   1704
  6824   1844
-11584   6628
   794   9641
 -1823  -2563
  3724  21100
  4769 -32768
  1045     22
 11648 -11786
 12781 -10230
  9543 -32768
   268   5564
  9391 -32320
  5109   -150
-22299   6716
 -9203 -23292
-23029  -5004
-12526  -9026
  6034   9006
  -731  10589
  6765 -20199
 -3011  10085
  8266  12824
 15766   7008
  3985 -30015
 -3700 -13385
  9098 -27512
 16390 -13918
 -3746 -11662
 -3627   3719
  6934   9078
  5765   2986
 10857 -10877
-21255   5993
   994 -24435
 -5732  -7021
-26193  -4085
  1717   2969
 -1137  20504
  8477  -9816
-11615  -1009
  3506  -5702
-26514  -2839
  1402  -6238
 -3164  32767
 14007   3187
-11603  -6889
   802  -9829
 -5029   5859
-23972 -18088
-15131 -12396
 -6890 -11477
  6309  12780
  7870   3589
 11754   8386
   333 -10698
   978  14238
 -2935 -18116
-22235  -3380
  6647    802
 -5376  14498
  7854  -5362
 11966   1605
  1924   7234
  3772 -11720
 -7673  -2294
-24819 -31145
-23603  15988
 18354 -15780
-20240  -2124
-24073  -7114
 -5015  25084
 12370    637
-14778   2297
  8664 -26492
   893  32767
  1762   5781
 -6977   1202
   518  -5933
 -2701  15346
 -6934  -4244
  7052  -1287
 -4807 -10348
    18  -2991
  -928  10663
  2799    966
  8141   3956
-28338   5026
  7682 -17742
 -5353   -183
-11590 -17707
  -192 -10962
  4692   7490
  -527  -8507
 14522  -8871
-17771 -23567
  1082  10214
-20160  12392
  5838 -26087
 -7227   8430
-21485   8472
 13159  13270
 -4509  32767
-29990 -21167
  6514   3685
 -1723  20453
  9402  -7157
 -1867   9650
  -829   2017
-11143   2497
  3872  -8492
 -5649 -18794
-13202 -14907
-15804   2727
  7190   9802
 -9112  20405
-31115 -31024
-13641  -8438
  7581  -9251
-10463 -13501
  1738  -4387
  2619  31260
  6997  -1257
  9817 -10947
-19924 -20813
 14168 -17286
-18022   2130
-10084  11768
  2841  25018
  7517  19321
 14941  10014
 -1020 -16488
-10766 -23771
 -5390   1725
  4281 -14880
 -8509   2148
 -1453  -9598
-14771   7758
-12258  -9933
 -7086   6468
-19362   8591
 11992  20430
   966  22018
 -4013   2754
 -2352   -324
  1287  18763
  8162 -12524
 -6625  -8680
  3514  -2188
 19036  -5661
  1676   1945
  5172   4694
-10507  -6294
-11306 -20911
 -5161    620
  3039   8932
 -2978   9546
 18212   -218
 -2210 -12527
-16988 -14019
  2470 -21821
 -4172   7543
  7198   7738
  9564    796
 12194   7902
  6147 -13781
    51  20515
 12572  -2515
 11429 -14132
  6354 -12975
   354 -19842
 16304  -8879
  7572   8563
 -7207  -9874
 -1501 -32768
-16600  19553
  5711 -10421
 -4481  14037
 -5606  14990
  2042  11026
  5819  18632
-14031 -32768
  4786  10379
-10248  26569
    65   9553
  4379  13716
 -7209  -8509
  3429 -20849
 -4922   5400
-18597 -18065
-16590  -1560
  3953   7507
 -8214  19732
  3121 -27567
   186  30545
  6287 -16206
-19138  -4780
  9833  -2373
-18167  32767
 -3890 -30770
 -5712  32767
 15224   3936
 12443   1936
 10509  14013
  7815  -4651
 -9460  -9270
 -2187    985
  1461 -25645
 -8115 -15371
 -9096  11478
  2847  10213
 -1490  20664
 13342  -7086
  8666 -32768
  -843   1158
  9679 -27408
 -1434  -4959
 -2697  14482
  5271  -1531
 -6172  -1592
-25293 -15289
 -3216    813
-12287   4110
 10692  26413
-11594   1283
  8211  19345
-23182  28205
-22199 -32768
  6424  -9571
-16551   7258
  6984 -28974
 -6100  32767
 13831  -6568
 10113   4673
  9713  -1104
  1406  14353
 12330  -7907
  7435 -21141
 -8144     18
  3509   7888
  3004  11013
-22670  -9473
-14077 -15091
-11428  11869
  5140  32767
 10552  -1556
-19108  15126
-13745 -26367
  8815 -11707
  3694  20686
  4727   2557
-32768 -25832
 18201 -18705
 -2721   2003
-19078 -17525
  2068 -11569
  8447 -11853
-10147   7552
  3639    -77
  -232  23368
 -2338   4519
 -4512  -5514
  8044  14504
  3952  18921
 13338  10751
 11591 -19868
  1182  -4658
  3189 -27557
 -2578  15398
 13922  10628
 -8376 -11942
-13521 -25517
   710  -8025
 -2107   7944
 11682  14573
 -5063 -24269
  -489 -11738
-18442   3279
   317 -22367
 -6752   5715
  8104 -29365
-10925  -1081
  6931   5385
 -1727  13455
-12570   -678
 -7519   9984
-13456   7458
 -4224  -5620
  7043   7571
  2751 -11531
 10369 -12333
  1710  -5248
 -2599  15733
 11594  -9770
  8838   8759
 -1791 -18619
  5061  -3461
-27602   7582
-20693 -30722
  9852  -7441
 -7125  -8420
  4009 -18941
 -3512  16089
  3687  -4285
 -3491  -1985
  2328 -32768
 -2778  26749
  9947  -4306
-19237  24661
-18982 -32768
-10026  -7330
-20494 -10032
  6570  13014
  8952  10995
-15332  -1351
 -9742   2048
 11216 -12250
   513  11957
  7549    306
  7331    154
-10576  16114
-22526 -32768
 -1005  18688
-13361   4431
  4433  21101
  1052  27087
 10650  -6236
  3381  20910
 13531 -12567
  8112 -16418
 -4133  -7475
 -3506   4339
   873  -7139
 -5471  11394
 12996  11980
 12106 -14962
  4853  11842
 -1305 -17706
-12918 -20946
 -1718   5284
-16319  29103
  5862 -32493
 -6161  -6866
-11236    265
   501  24431
  3930   1646
 11175 -11078
-16320  -2555
-12455  -5226
  4616  -1939
   226  -3027
  9466 -20484
 11828  -4043
 -8389  -3546
 -6772 -11474
  2412  -3667
 -9467   1529
-14123 -32768
  9703   8623
  1278   4764
  9378 -20864
 12243  -7762
-17519  10146
-16346  -2394
  2755  11035
 -2442  23022
  3777   4353
 -4356  -4689
  1093  18669
 13585 -32768
-10290  -3318
  2588 -24001
 -2633  -1390
 -1958   5791
-19174 -29573
  9222  26315
  4022 -17807
  8482   4451
 12139 -11268
 -3187   2935
   447  -9235
 -3751  18255
  7063  -3747
 -2440  18627
  5495 -15494
  8940 -21051
 14402  -8741
  6196  -7981
  4935 -26296
 -1892   -200
  1488  17159
 -8986   5783
  -501   -562
 -2869  32767
 11540    -57
 17407 -17254
  4287 -15780
  2167  -3912
-32768 -22622
 14937 -20887
  2230   2965
 -7506   5993
  8406  -4382
 -3242   6950
 10303  -8179
  1568  -4715
  4301   2524
-19102   9431
   -10  -3522
  1924  22583
 18446  -7737
 10415  -8277
  4850 -11837
 -6738  -4413
  -140 -21881
 -5705  25496
  7311  -5903
  3867 -11093
 -2838  11372
  2788 -18699
-12170  -5309
-11635  -6788
   982  -7948
  2117   4324
  3643  -8157
-12172  -4204
 -5094   1569
  1324   6955
  1719 -21521
  6837   8548
  7331   7872
 -1305 -12767
  -331  24465
  7995  16301
 -2978 -16595
   650 -21293
-15074   1939
-21877 -13323
-12029  -2722
 18904  -1023
 -1430   2525
-19111    236
-13355  10726
  8498  14559
  6589  16272
  5737  -1084
 10481  16915
 11883   6672
 -3075 -13983
 -1180 -12100
 -4890  21573
-15295 -18247
 -1915  -7952
  -745  13504
  8177   4837
-17210  16869
-11117 -25232
  2132 -10118
 -2565  17392
  2890    297
-17257 -13038
-23072  -7335
-30603 -10459
-18246 -16189
-14803  10657
 -6477  19670
 -6451  30653
 -7523  21933
  6415  -4814
 -7005  12296
  4152 -31188
 -4037  -9358
 -2350 -17337
 -6583  -3325
 -2673   7548
  3381   3529
-16952   7971
 -1723 -19862
  2052  10572
  9217 -19055
  8338  -8204
 16529   7141
  7777 -24742
   514  -9453
 12940  -3977
  4924  -6397
  1047  12058
 -7720  -9047
  4110 -26515
    25  -1769
 -3733  24192
  7210  -2165
  2864   3268
-18833 -28650
  9414  -2100
  5679  -4619
  -245  -5069
  6747 -17183
  1059 -17696
 17506 -15493
  2379  -5254
  2301  -6290
 11004  -6693
-10632  15444
  4135 -23723
 -3219   -709
 -2530  -6919
-27573   1390
-12329 -14382
-22893  -6182
  3729 -29083
 -4050  32035
 12685 -11569
  4413     16
  5525  -4256
-11730   7672
-25305 -21453
  8337  11987
  2069  27866
  1251   2384
 -3352 -23578
   358  11845
 -9911   7338
 -7672 -14881
 -6451  22130
-13277  -7508
  5659 -20249
-11790  -5718
-11547 -12714
 -4256  29582
  9933 -13527
 -1382   -883
-10865  -6207
-16015  -4600
 15764  13309
-10479  -5434
 -7281   1851
-16306  13655
  5684  29498
  5532  23975
 -5140 -14004
 -5875  -4911
 11798  -3724
  -653  19965
 11699  -4055
-13473  10857
  2488 -23277
 -6984  12977
 11062  -2893
  -325  18397
 -8779  -2273
  7385  15443
-24425  16193
-11814 -14826
 -3049  -9473
  6282 -14413
  5604  -9562
  -915   3096
  8399   4848
 10778 -18503
   153 -17492
 10818  -7048
-11936  13085
  1781 -27237
 -1431 -13125
  5522  -2079
 -1842  17975
  9174   -139
 10349  -2120
  1148  -1244
 -1814  21784
 11445   4532
 -4496 -13707
   295  -1961
-13248  16191
-14558 -17196
-13761 -13809
 -1579 -17374
  3265  -9999
  8597  -3596
  -949   1136
  5127 -23988
  -419   5728
 12776 -12009
  3228 -32038
 -3980  -5872
 16849 -16882
 11526 -12876
  4482    775
-14126  -2740
-19897 -22476
  2450 -20098
 -6198   9658
  9383  -5651
 -5016  -5491
-15756 -12644
  3615  -9104
 -4912  10856
  1933  23623
 -8692  -2491
 -1459 -22320
 -4654  18352
  6643  -7225
 -2231   6989
 -1143  -8568
  -508  -1459
  4801 -17700
   267  -8192
 11568  -8027
  3516  13812
 -5730   4632
  6882  -2357
 -3469  22784
  4265   1222
-11714   -235
 -4152 -14800
 -2821 -21454
  1706  -8148
 -8768   4966
  2396 -20706
-24575 -12002
  2746   4875
  8178  18085
  5797   2248
  8351   -821
  2823  14822
 -9233  -6888
-23752 -28016
 -2796    182
    23  16064
  5636  17704
 15809  13152
 19216 -27241
  9563  -3712
  3393 -15085
-20837  -5864
-14576 -23918
   214 -14776
  2310  -8398
 -3097  17997
 11221   -195
 -8971   8757
  2321  -2438
-15721 -12437
  1283  -1777
 -2668  16347
  1285   4279
  1997  19220
-22698 -25527
 -4421  -8552
-12994  -7705
 -8270  12033
-16266   8638
  9948  30557
-13843  15621
  4356  -6583
  2225  32767
  5834   9361
  8702  -3160
 -3140  16792
  5064 -16204
  8845  -9609
 -9487  -4968
  2087   9678
-14966  10568
-15507    596
-17267  14505
-13954  30107
   589  26246
 -7841   4680
    69   6781
-24746   8591
  7856 -16127
 -4708  20465
  5051  -5013
  1464  -9874
 -6218  -8870
  9692  -8552
-16835  29694
  2839 -32768
  1238  -6944
 10444  10642
  9614   4223
  9633   1050
 -4268   6747
-12250  -9529
 -9740  24333
  6236  28850
-10037  18054
  4470 -12431
 -1280  15552
-15432     -2
  5420   4034
  3871  27898
-18409 -19045
  1198   9046
 -4374   -767
 -3097    745
  7971  -4687
 -3417    348
  -610  11747
 12005   1294
  6041   7358
  7060 -11067
-23101 -11895
-12467  16474
 11804   4316
-31793   4085
 -8324 -21177
-18372  10113
  4141  29231
 -2317   4798
  5187   5078
 -4347   9429
  3999 -14735
 -4302  -1592
  8455   3452
  4003    309
  4026  17721
 10100 -11234
 11937  -5220
  -316  -2437
-29992 -29121
 13576 -16852
 -1156  17043
 -7196   7305
-21187 -19748
 24175  24405
  -887  -5289
 10701 -20264
 13319  -4738
 10038 -22855
 -5885  -5727
 -6728   8985
 -8042  19921
  -823  -1594
-18810   7615
 -1627 -15251
 -1376  16688
 11344  19646
  8555  -3313
 11161   3286
-10728 -19766
  2989   5299
  1674  -3079
 -5694 -13363
 -5758 -15342
 -2178  -4580
  3756 -25014
  2389   4041
  6531  10795
  6185  -7452
  -677  20593
 -1546 -16858
-15098 -18829
 -2958  12773
 -9381   5385
-11640   9090
  8874  18831
 -6220  -4707
-20402 -11030
  7224   7595
-15407   4058
-15650  -5218
  -871   1329
-17272  27342
  4816   2444
 -3645  18351
-10322 -18384
-12284  -3317
 -8293  17193
 -9322  19824
  3877   7804
  -137  28272
  4301    271
  8711  -4496
 -5042 -19375
  4110   -256
 -7538 -27185
   252 -14083
-16205 -13923
 -3167  -3683
   168  32767
  2164   -546
-32768  -5046
 14694 -25053
 -4203    501
-18496   -284
 14648  27099
  2647  32767
 10896 -11576
  9634 -17299
 13214  -9688
  4708  -6022
  3953 -16683
 -4441   3367
 -1804   1976
   346     40
  7641  -9379
 -1148 -32768
  4342   -223
  1062  -2076
 -9960  14663
  3029 -32225
  1195  -9984
  6670  -6909
 -4125  22269
 10294  -4088
  4125  20454
  -311   7190
 10453   4542
 14084 -10691
 10954 -25272
-14945  -2486
-30058 -22211
 14547   8086
-14495  24390
  3337 -28980
-16132   2111
 -1622 -29449
 -5476  25218
  3304   1568
  6501  17762
   966  10993
 16406  -5997
  9723 -24023
  6096  -2391
 -1786  17061
  3166  12895
  9602  -6187
-24280  -8596
  8850 -20041
    16  25679
  1588  -9236
  -429 -23152
  1775   4232
 10118 -13382
  3845 -20350
  2183   2535
 11633  -3280
 15247  -7845
 -7330  -3789
-24407 -22901
  9981 -14300
  3697  -2016
  8381  -1438
 -5461 -16216
    39  15987
  8469    671
  8370   6310
  3767  -8189
 -2719    533
-28121  -5998
  2394   6415
  1011  21703
   381 -14800
 -5584 -16783
  7971   1549
  2364  17139
  9263   -391
 -1393  12143
  5712   7898
 12389   -249
  1918 -14632
 -5329  -8274
  9712  -1735
 12058  16731
 18157 -10895
  2515 -13123
 -7628  -9734
-32768 -16885
 16905 -15734
 -1962   9909
  7689  -2205
  1326  -3059
 -1975  -8269
 -6395   5680
 17694   1405
 11866 -19382
   821 -12175
 -8910 -32768
 -3499   8121
  2625  13696
  7368   2929
 11600 -30237
  2681  -5792
   716 -11451
-12948 -10458
  4063 -32768
 -8398  14889
  5758 -28957
-25009  -3171
  9844  10660
 -6730  18242
-22639 -27246
 15540   1567
 -9285  -3366
  4191  -6982
 -3302   7632
 -3370 -12301
  7400 -19811
 -4517  17523
 -6544  -5029
   441   6640
  8607  21726
 10046 -10486
  5201 -20319
  3798  -2526
  -749  -7850
-25821  -8511
-11940 -11127
-19634   8926
 12826  26729
 -6861   8746
  6059   2100
 11822  -3628
-12503   9876
 -9151 -22637
  -866  21869
 14271 -21187
 14514 -13893
-21179 -17735
  2502  -2256
-16392 -16530
  1657  -1016
  -881   7182
  -698  -2780
  -136 -24281
 -1750  30326
  6173 -25855
 -2918  -7209
 11287 -18247
  8290  -8064
  7822   6757
 13328   9961
  6572  -5720
  9639 -31784
 -6193  20575
  6811   3097
  5166  28096
 10445   9596
 13414  -3643
  5266  -7350
  4087  10917
  9078  18155
 10022   -109
 -7396  -5288
 -3889  -2733
 12248 -22609
 -1772 -14410
  4330  -7876
-13407  -3344
  3213  -2439
  7752  24201
 -3355   1430
-13702 -18601
  9020   8166
   197 -10300
-12962 -14662
 13149   1500
   193   7193
 -2710  -3737
  2553  23474
 12444 -17957
  2526 -15670
  3474   1378
-32768  -8530
 15335 -25984
-19004  18165
 -3589 -27726
-19002   3131
  5339 -27706
-14161  24339
 12660  -4721
-28996   9894
  2253  -2401
 -4407   5918
  3098 -32768
 -7349  32767
-13873 -24038
  2978  10453
  1058   -902
  1866  13330
  1501  10462
  3306  11770
 11751   2092
  6584   1105
 12075   6867
 -7238   5922
  4389 -22903
 -3229   5471
-27956 -11891
-17193  -8766
 10802  -3398
 -3709  16372
 15096 -10464
  -927   3710
 12083  -2556
 -4451 -21232
  8230  -8328
-14512   6739
-14468  -2071
  8673  18490
-23401   1134
 -6788  -3433
  8919  29384
 -2663   5302
-15738   6540
-20192 -17261
  1805  20759
 -7834   7942
  3003  25006
   203  16986
  4504   6317
 -1153   8930
  5402   2478
   -56  12112
 -9282 -11000
 -9853  -4821
   534   9536
 -9168  -2036
  6535  -9440
   920   2120
 -2198  -5570
  1450 -32768
-14243   8219
  4299   5122
  7021   6267
  9310    521
 -7647  14940
  6228 -18772
 -4791  -8310
 -7432 -24513
 -1212  16934
  5862  18405
 10672  -6939
  7371 -32152
  2310  -2365
 -1399 -15656
 -2154  14179
  8568  -1271
-11500  14511
  2410 -25042
  -456   4732
  9419 -31821
  8352  -6926
 -1349  -3617
 -4737   2540
  2853 -25284
 -3029  12681
  9605 -14179
 -1024  12230
 15224  -3679
 -2852 -10682
  6175  -4454
-26462  21290
-22179 -15946
  8936  32767
-29906  14886
 -2894 -19452
-14554  24182
  5406   6507
  4693     18
 -9187  28115
-10028 -16103
-18570  18232
 -4950  -9832
  8369  -7874
  6282 -17753
  8605 -13032
  8143   9782
-17269    679
  6379   1088
 -5136  18415
  1990  17020
  4795  -1181
 12735 -12562
  9736 -24636
 -4087 -10188
  2909  -7777
 -7402   6020
 -3689   3597
 12522   4847
  1726   8370
  5945 -21714
  5852   4740
 12824    286
 -1442   -284
-21353    458
 -2865  16872
  6565  24162
-12062   1750
  5714   7022
  4685  32767
-12777 -18704
  -282      5
 -3097  -2286
  -253   4389
-16525  -8077
-14708  -4205
   162  25327
-18779    286
  5603   1862
 -1199  17575
  9071  16119
-12910    839
  4851  14108
 -6032   3001
 -3514  19273
 10870    772
 14727  -1410
  6583 -20154
  -111 -15700
   719  14954
 14174   3944
 10352 -22340
 -5817  -1921
-32768 -23905
-11388 -10365
 -9945   5170
  8164   8418
 -1582  19552
  7748  -1905
-11762  13179
   856 -23901
  3990  15140
-18439   -238
 14918  21257
-19592   9868
 -5703   9206
  2773  15322
 -4455  14156
   465 -32636
 -7062  21643
 18590  -6977
  2423  -5419
 -5193 -21385
 -9307 -13853
  4572 -19047
  4311  17444
  8213   1504
  2364   8782
  -867   3369
 10593 -13070
  8245 -22543
 -4714  -2626
   881  -3884
  5202  17311
 -4461 -15660
 -7774 -13947
  2591 -11840
 -8777   9638
 11019   7550
  9918  -5237
 -5820  -4323
 -5675   2858
-13990   3896
 -9655 -10600
-23002   3095
 10714  12793
 -7584   9030
 -2494   9560
-15205   8744
  2660  12996
-13893  13995
-24666 -19965
-14691  -9811
-16248 -10375
-19781  -8575
  7984  -4538
  -286  10011
  8784  13617
 -8961 -30788
  3943 -12797
  6863  12049
  5116   2798
 -4852   1861
-32768 -11204
  8958  18120
-14593   2957
  4908   2507
 -5353   3761
 -1081  -8230
   978  20933
  9300  -2361
 -1822 -11582
 -5232  12512
  5373   -499
-32768  -4652
 11781 -16950
 -5328  11702
 15010  -5219
-12459  -1058
  3630 -14100
  2754  25745
  1677 -13235
  6363    465
  1850   -602
-23764 -11071
  4789   -736
   -45   5384
 -1100 -17370
  2726   1930
 -2041  16632
 -6510  -7747
-25288  13472
 11219  -6030
-13024  31679
  3866 -17780
 -1225   3778
 -3640   8491
 -9486   -141
  4322  14355
  -297   5240
-13883  -1646
 -4314 -15281
 -1751    199
 10853   4490
  7093  -1414
 12346  -1204
  3590  -2111
  6857  -4698
 10516  -9960
 -7524  18924
  8406 -18886
 15993  -1066
  8989 -32768
 -6505  -1125
 14398   9496
  8261 -23278
   449  -4999
  -480  -1504
-10037 -15445
  2195  32767
  3428   3880
-19932 -14514
 -8403 -13558
   814 -14130
  2130   6606
 10082  -1023
 13956 -13678
 -7863  -7812
-21650 -21662
  5874   -795
 -3971  -4121
-30787 -20002
  6246   7354
-11486  12265
  -999  -3015
  3420   4063
 -4536  24530
 15232 -20228
  -424 -13186
 -8058 -10581
  1155 -14550
 -2061 -10309
   -25 -22009
   571  28102
 16988  -2690
 -9944   2839
  1141 -29792
 -4861  -5705
 12314 -28702
  9315 -13469
 -8038   8044
-25630 -22224
  6872 -12943
  6208  -2458
  -988   3635
 12287 -24534
  -185 -12421
  -568   8777
  1110   1031
  6296  14733
  5682 -28783
 -1148    442
 13998 -10350
 10480 -32768
  1711   5357
-11927  -6507
  3489  -2316
  3553  28721
 12721  -7019
-15315   2334
  5324 -17582
  1580  -8461
 10752 -12098
  9061  -9132
  7092 -31424
-13835  17444
-10293 -13448
-12534  27235
 -4595  22156
-30612  -3798
  -635   6878
-27204  -5638
 10727  -1185
  7187   8758
  2806  -7980
  7462   1654
  8899  -7182
 17541 -10413
 -6795  -9875
 -2892  -6524
-17650  20437
  6165 -17838
-14537   5041
-16356  -2931
 11718  13828
 -2471  23099
  6565 -21985
   872  -8989
 -8410  -6359
  -160  19851
  6518  -9149
-29431 -10819
  8559  10964
  5115   3462
 -4750 -13244
  -376  18312
  5719     54
  6653  -3564
   486  10171
  6967   8636
  3771 -22585
 -4113  -1791
-22896  -6362
  8212 -22284
 -7539  -1809
-25478 -21900
 12362 -26658
 -1173  -6017
 -9909   3621
-10101 -16010
 -4389  18325
-23379  -5074
  8006  -8074
  -693 -18126
  6304    567
 12756   3638
 11840  -4612
  4939 -32768
  4163  21158
-14602 -21167
-32768 -26877
-28963 -12334
-16108 -16620
 12039 -14671
 -2676   5835
 14686  -7587
  7443   5954
  4607 -29497
 -5360   -743
-10036  11963
 -3555   6363
 -2945  14933
 -8347   7561
-24817 -32768
 13655   2302
 -5483  -5978
 -8016  -9462
 -8709  10191
-12921  25029
 -9678  28940
 15309  32767
  1710  25297
   977  -9295
  4384  12771
  8777  12443
 10916  -6878
  7744    432
-10869 -12469
 10952 -13356
 -9800    348
 -3664   4644
  6813   5187
  5012    830
  3213 -25034
-13765   6043
   766     15
  4067  10139
  8278 -15392
-24305  -4935
 12738 -28092
 -5560  -2838
  5895   1342
-16104   9139
-10018 -18959
  1889   9747
 12764  -7336
  2770  14589
 11390  -9995
  5518 -22179
  8022   6939
 14571 -12445
-13938  -8876
   210 -16824
  -467   -809
 11849 -26644
  8467  -9784
 -6196   -260
  2626 -24000
  3792  13446
 12994  -4651
-23249  -1354
  1992 -17890
  3458  -2821
  6822  22290
  4925   5886
 -6645  19629
-14134 -21644
-12166  14392
  4868   9087
 -3182  32767
  3116  -9872
 -2618 -23722
   761    -71
-19044   1381
  4109  -2964
 -9771  27294
  6787 -20579
-14984  -1753
 -2024 -28699
 -4943  19368
-11611   3176
-22249 -25638
 11379 -13224
  1464   5466
 -4323  -8035
  7392  -1589
  6361  -4767
  3166   7833
 12653  -4457
 15556 -16650
  7095 -15538
 -7814  -9208
 11305   -964
 -6683 -10122
 13680 -17174
-27631 -20733
  9882  -5255
   319  11467
  9316    599
-12979  14430
-21730 -24106
-11914  19150
-15180   -512
  6135  22425
  3619   6042
  -603  -1703
 -2440  -2705
 -8376 -15285
  8199  -9573
 -5909   -727
  -634    168
  7491  24313
  3536 -15765
  4530 -23309
 -8271  -5256
  1730  10277
-27231 -25791
-32768 -14308
 15151 -24355
  4411    550
  8312 -23542
 11476  -8802
 -7870   1398
 -8222  -2504
 -5972 -12754
  6274  16140
  7834    152
-32768  -5052
-23119 -13132
-16463 -12467
  8915  20764
  3580  25053
 11852  -3194
 -4290  -1657
  4083  -3046
 -2071  21178
 -2724  -4682
   146 -32768
  -173  24749
 -2969 -17237
-17885  -9801
 -3586 -14948
 -2675  15054
  3706   1130
 -1534 -32768
   293  19187
 15808  -8973
  4941 -20033
 -4900   1762
 -4800  11395
  4825 -17616
-17706 -21878
 24185 -22908
 -5727  10524
  7028   7484
  6682   1481
  7773  22670
 -1880 -28909
   797  -2943
 -3843   1781
  1765   7906
  -600  18489
 -4979    367
 -5905 -13916
  4293  10887
-21070  11987
  6781  23684
-11370  17530
 -4937   3231
  8326  19566
  3909   2206
 -4823  20519
   370 -11574
  8580  -7106
 -2356  -4111
-25175  -8997
-10392 -12302
  5376   9751
-18807   1231
-16779  -3813
 16331 -17187
  1075    822
-12988  -1784
  3008   1457
  4907   6611
-20869   3016
  1772   4523
  7627  23508
 -1516 -18582
 -8806 -22417
 -1385  -1668
   635 -21185
 -3172  -3536
 10353  -2495
 -6450  -3435
  4295  -1188
  1091    -27
 -1860 -15806
  8686   1034
 14911   8067
 -5250 -25036
  4529 -21604
   384  -9570
  6694  -9935
 -6917   7164
  7679   -427
 -3837   -552
-14065  -6816
  3318 -14205
-15572   4028
  2227   3524
 -4318  22319
 -3988 -32768
 -1104  29912
 -3031   -591
  5494 -25269
 -1079  13764
  9122   1262
  4809   9177
  7567 -31389
 -4818  10946
  5393  14331
   560   2299
  5845   -730
-14102   7535
-26051 -23561
  6788   8935
-27408  15279
  6017 -28752
 -6916  32767
 -4347 -15205
  7873 -15199
-13173  -3526
  4882  -9230
-17954  20940
-12103   2180
  9001  12693
 -8700   6565
  1873   1295
   342  23947
-15170 -24000
  2649  -5515
-10325   3795
-19377  -9950
 10109  -3438
-10070  22254
 -1315   -139
 -2114  23751
 11019  -8291
-32768  -1578
 14974 -23085
  2950  18686
  4888   1964
-12862   3497
-23717  -4318
 12087 -16010
 -2189  -1587
 -5589  14079
 -7819  -5145
  5662 -26716
-19103  -1900
 -3591 -10427
-14908  32201
  7358  -8969
 -1741  15753
  2973   9469
  2086   3093
-13591  22955
   583 -23665
 -3745  32767
  6351 -14295
 11918  -5028
 11632 -10924
 -6084  22611
-10422 -19863
 -2105 -21613
-20869   9165
  6288  -2923
-12400  32767
 -3228 -20937
 -7714  31697
 12654 -10221
-15642 -13075
-17830 -21592
  5110  14317
  7646  11566
   330  -7416
  7157 -13141
  5627  -8306
  2774  13097
 -1175   -200
  -187   6234
-12387  15706
-17723 -18803
 -1281   1885
-32768  -2375
 -9485   9471
 10539  -4292
 -5513  16219
  -292 -23810
 -4344  -1567
  4709 -14572
  4994  -1690
  1788  -2963
  8263   1411
  9659   5343
 -2778  17216
-14505 -32768
  4395  26314
 -9531   5440
-12196   6961
  7978  20697
  8694   1609
 -3561  18800
 -2579  18723
  9229   7301
  -703 -15092
  8874  25102
  5459 -10820
   612 -11378
 -4453 -16225
  2752 -14532
 13768 -15202
 10630  -2473
 -6470   4661
  6432   6416
 -5627   4212
-16049   5231
  1327  -2558
  -938   1353
 10266  -6340
   325   5309
  3867  -5128
  3187   3501
  3376 -11784
  1855 -12085
   -68 -12130
  -594  17274
 -4523    -18
  1090 -23271
 -5598  -9135
  -709  -3543
  1958   5030
-16144  18475
-10626   9493
 -2132  25076
 -8445  -2668
-23189 -15912
  3737 -16822
 -8210  13100
  1452  11165
  2823  19913
  1488 -14020
 -3731 -32768
  3321   8152
  5365   -369
-10824  21899
  -692 -32768
 -2725   2157
  1445 -29298
 -2606   -847
 11910 -23452
 17841  -2855
  3117 -11198
-18567 -17132
-20088   4572
 -5790  17245
-12874  11224
  -323   5176
 -1452  16046
  2616 -10411
 10485  -8201
-10642  -1114
 -1167 -13834
-15654  32767
  -851 -32768
 -1023  14725
 13152  -6078
  -910 -11580
  2887   1942
  9354  -2947
 12227 -10768
 12811 -23042
   966 -18416
 -3726  12732
  9895  -2612
-15058   6124
 -1674 -16777
 -7184   7866
-13909   9483
  -586  16978
  3562  19835
 16740   3270
 -5113 -10757
-32497 -21040
-22619 -12794
 16563 -19477
 -2544   5173
  7158   3756
  4293   6701
  4265   8384
-13942  -2198
 -3028  -4422
  5358  19900
 -5483 -10139
-15341  -4074
 10490   1334
  -385   2605
-12899  -6056
   807  -1871
   464  32767
  5206   3743
-27303  21988
  1010 -32768
 -4377   2173
 -4807   8903
-11400   2390
-12985  -7548
-10777   2903
 12365   1544
 -2116   4802
 -2358 -12042
 -3177 -14939
  -590  21690
  -200    517
  7428   5872
-16208  -9744
-13870 -10382
-16301  11717
 10898  17504
 -1633   1891
  4587  -2370
 -2047  22774
  8474   2639
  5080 -14657
  1068   1685
 18083  -3211
  2829  -5972
  6125 -27370
-11208   5971
   913   4124
 -4767  21338
  8471  10998
  9112 -23919
  7195  -7397
-16072  14161
 -3004 -32768
   353  14027
 11173   2113
 -3821 -18686
 -5952  13709
   593  -4078
-18586 -16608
-16182   9243
-13338   7952
-16598  10317
  5510  -4727
-18863  19166
  2169   -818
-13043  22385
-21742 -13702
  6758 -16461
 -4227  21806
  -144  14781
 11345  -2249
  6542   2992
-14421 -12247
 -9856 -17845
  3003 -24649
  1746    756
 -1636  -2842
   810 -27290
 -3622   9603
    93 -32768
  1992  -1415
-23506 -22577
  8214 -10058
-11776   2774
-15321 -20696
 -8225  24559
-22632 -14106
 -3074 -14266
  1065  22378
   606   5001
 12701  -8794
  3695  -1556
 -8305   7263
-18042 -10474
-19608 -15350
  7760   1264
-20063  10089
-23808 -16453
 -9774 -32768
  6016  -6878
  5535   5362
  2923  15624
  9561  -7874
 -3654  21021
  6533 -22480
  8541  -4544
 -9838 -14987
  -201 -21003
  2293   6187
  7981 -19920
  5965   3862
  7715 -27824
 -3137   2281
 -1644 -11223
-14151  -1019
-15810 -20266
 14946   3911
 -6073   -687
  -452   1100
-14266   3714
-10772  17374
  2364  18658
  4290  29867
 11274  -1998
 -2256  -2594
 -4433 -11215
 -3138 -11948
 -2283  32767
-20439 -25539
  2308   9829
 -4570  17495
   109 -25139
 -7320  26873
  6295  -9073
  3956 -17856
 -4223   4489
 -1791  -7850
 10479 -12869
 12847  -1572
  7588  -5222
-10598  -8350
  4389  -2629
-24528  20161
-31104 -25188
  3755 -15217
  2695   7379
 -1784  12309
 12448  -8365
 10474 -16042
   500 -13692
 -3238  -5585
 -3261 -13737
-12912   6876
   809  13297
-21453 -15057
-11170  -1222
  7099  10967
-17933   6617
  3332  10094
  7465   5777
  1652   4580
 -2504   4141
 -6124   8675
-24882 -16601
  1728 -30258
  -669   6061
 -7635 -16204
-26072 -19882
 -9523  25863
  9319  28207
  -906  12484
 -7559  -2888
  2490 -27949
 -6954  -5605
 10193  -7525
-28515  11584
  9961 -26184
  1455  13367
 -3579 -14096
  7139 -28538
 -7391   9432
  3126  -5173
-11952   -358
  2669  13154
 -4296   6721
-10496 -14782
  7570  -9726
  7461  -7614
  -670 -23777
-10913  -1328
  7090  -7786
-18317  12503
-10341 -19601
-12418   6830
-13322  17724
  5088   1897
-16070   6734
 -8713 -16844
-20863 -11888
 -3606  -7488
 -3053  17850
  2982 -15265
 -1719   3538
  6001  -3817
  3554  11222
  3832   2516
-11603  -9053
  -480   2082
 10105 -29297
 -8775   5070
   856  -7993
-21405 -10353
 11416  16061
-18457  13949
  1730  16184
-16636   2263
-22736   4383
   640  -6849
 -1497   5433
-12414   7451
-18977 -12397
  4790  32767
  3005  21416
  5965   9038
-16404 -19125
  2333   8723
 -9293  11078
 -4229   1558
  4046   1945
 -1005  -9427
  7450  10886
 -7960   8943
  6227  -1642
 -2821  16992
-11345    723
-32768  -5808
 -1367  12095
 -8695  14482
 -9698   5811
-15208  15064
  8936  10746
 -6841  11298
  -810 -13347
-11461 -18647
  1685  24144
 -4257    150
-32768 -15704
-19223  -3916
-20297 -17111
 13234  16765
 -6123  -5785
  5117   2350
  5468   5089
  7760   2093
 -1337  -4356
 11512  -5318
  9208 -27060
  1155  -7240
-19019 -23801
  6643  -4055
  2871 -10637
 11833  -7512
  -770  -7271
 -9089   7903
 -4462 -11784
  4464  -2090
 -8439 -10758
   490 -22694
  -598  -8839
  7075 -16004
  -662  -9328
  1989   2237
 -2880  28974
  7095  11847
  -525   9601
 -4759    620
-14230  13624
  3050  16849
  -662  12235
-10347  28746
  6738   2186
-19330    925
 -6169   1519
 -6434   1748
   488 -11221
  1820   2086
  7235  25176
  2922 -21325
-26057 -21356
 13373 -20644
  -496  -1475
 -8500  -4092
  3697  10911
  1212   8769
  4860  -9801
  2365 -29770
 -3705   6308
  7240 -13191
  3763 -12371
 -5175  -6239
  2439 -29836
 -8002  32767
  2891  -6083
  2791   8375
-13360   1621
  2157 -14600
-16547   4249
   789   7168
  2970  13171
-13167 -20566
  3247   -275
   306  -7349
 -6607 -14918
  1942  -4636
  9649  -4946
  9711 -25746
  -322  -5222
 -3995 -10255
-12675  -1231
 -1509  -7918
  2450 -17130
  8747  -9026
  4965 -17871
-18301  -4936
 14044  32767
 -3560  -5467
  9684 -21581
  3792 -16371
 15269 -20688
 10678 -11453
  6720   1751
  9284 -23574
 -4957 -14595
 -4527 -29311
 -6345  19645
  1775   4689
   824  18427
  9570    -86
  9051  -8969
 -9553   1593
  1611  14134
 11284  -2550
  1684  -2091
  7397  -1378
-12054  -8524
 -1765   9315
  3694   6330
  3785   5058
 -9225  11340
 -6847 -18732
 -1929  15975
  8985 -10643
  2946 -27387
 -6642 -17998
 -3756 -10503
 -1055   5023
-10532  32767
  4199 -32768
-10391  32767
  5179 -16899
 -3010 -10034
 -6684  31807
 10733 -14018
 11465 -32768
 -7221 -16582
 -3500  -2368
-16046  20073
  9692  13893
  8791  20588
-10116 -16900
  1683 -28448
  3607  25334
  3306  -6965
   232 -19146
   391   3000
 -9662 -25340
   296   2703
 -2094  12472
-18603  -8201
-18740  -5276
-10184  25711
  3547  14111
-20385  10294
-20130 -25695
  4076   4726
 -3901  -5303
 -9410  15636
  -431 -29476
 -4268  27904
 14660  11824
 -5168 -18591
  4605 -25417
 -3288 -14422
 -7003  -2170
  1962  21198
 -1946  10281
 12125   5472
  9035  -2478
 -3789   4210
  4720  -2544
 -9421  28789
 -4569 -32768
 -3453   5062
  7749  -5853
  7715 -32768
 -2694  15571
  2511  -7356
  9540 -20244
-14489 -20261
 10370  -3047
  8652  -4201
 -3065 -21466
  4457 -10874
  4685  -6868
 -2670   5670
 11215 -20718
-12658  -2916
-15457 -14710
-23901 -20682
  5160 -11467
  2233  -5483
-12446   1153
-28353 -22116
 17906    264
 -6766 -10884
  8242 -14632
-18137 -17417
-19283  -8276
  8376  11793
-13491  -3001
   193  12259
  9989  -3779
-22333  11879
  5598  -1293
  2220   1293
-32768 -14936
-16945  -8933
 -2597  -9331
  1942 -22581
  1157  -2022
 15560 -14996
  2105  -2690
  7621 -16354
 -2862  -2986
   239 -14000
  1693   5232
  4879  32145
  8660  -7651
 -3569   4485
  8328  -5545
 -2346  12589
-19927 -19011
  4884 -23933
-10621  -2270
 -5971  -9535
-14582  21328
-21147 -14160
  4659 -15980
 -5857   7837
-10622  17126
-14406 -32768
  4080  15123
 11008   3671
  2826  -8757
 -4165   5954
  2481   4101
  -469  -6141
 -2959    110
 -4248   8923
  5996  -8086
-32768 -25484
-19411 -21135
-17876  -2872
  4505 -11432
 -2669  32767
  3100   2879
 -2708  12396
  6516 -12870
 11994 -22009
 -1676  19033
  7857 -12467
 -8133   -313
 -6580 -32768
  7081   8110
 -1111  -1718
 -3673 -15615
  8168 -15090
 17686 -12725
-12941  -2790
  6667  -1043
  -438  11802
  4370  -7990
 -1943   7823
 -3353 -14098
 -8418  -3019
-21897 -11623
  9366 -15597
 -8198   2558
-28133  -2351
 -1052 -20575
-19680  22390
  8475  17553
  -699  25161
 10321  -7108
-16718   5637
-16176 -19407
  1105  23635
  5988   8317
 -1560 -13254
 -2812  13757
  8424  10551
 12246  -5335
-11022 -24603
 -6649   7010
  4477  22500
  7369 -32228
 -5852 -19568
  2568 -11796
  4119    243
  4599  19363
  7069   6250
-10132   -162
 -2610 -13831
  3562  18521
 -1917   7243
  4773   4854
 -4723  19295
  3849   5184
 -7034   9889
  2315  11259
  8309 -19238
  1502  -2910
 -1945  11212
 11973   -133
-17888  12577
 -3184 -29991
  1824   2270
  1341  -9279
 10788   -784
  2803   7864
  7559   1135
  2595 -27990
-13936  -2453
   844 -31395
-11956   2498
 -2878  -3996
 -1032     73
  1671  -2705
  3787 -12619
  1959  -5661
 -6007 -11194
   347 -14507
 -5467  25791
  2666  -5879
-15102   5253
 -1663   7578
  1427   -902
 -5325  -2921
  4720  -9673
 -2940  -9167
  3312   7747
   946 -30579
 -3602  -5884
 13255 -14895
  2185 -11905
  8161  -5376
 -6968  -1845
-15400  15164
 -6767   -837
  7668  19196
 -3192  13678
 -9949  18719
  3377 -32768
-11872   2630
  3288   4067
  3132   3649
-12699   1025
-20337   5319
 10905  30343
 -8619   8830
 -6474   5599
  3293  -5819
   544   3109
 14014  -2295
 11054 -11212
 12432  -3250
 11217 -27695
  2254     68
-11991  10426
  2229  -3166
-22628 -15299
 -1126   5642
 10582  -2974
-17827  10164
 -1660   1045
  4371  15094
  9299  -3992
 -3808   6330
  -732 -16464
-16746   1511
 10615   5398
-15118  19203
-16390  -5057
-12237  14699
  9982  32767
   157   1538
 -2871   2858
  1326  29737
  3643   5633
  4961 -32768
 -4260  23468
 11073  -9475
-20582   5386
 -8788 -15162
    12 -20118
-27239  -1748
  8081 -13777
 -3293  16326
  4394  15079
  5392    628
  8615   4238
  5855 -23278
  2504   5704
 -5000   7134
 -7826  -6539
-22908   2189
-19048 -11151
 15631 -19289
 -2079  -2628
  5816 -10124
  -383    823
-28821 -13492
-11052  -3712
-18781 -17860
  4970  -2382
    92  21355
  5285 -11214
 -7772 -15176
 -8047 -10356
-21321   7619
  4686  20316
-14973  16656
 -1010 -31287
 -2608   4680
  6238   8202
 13329   4162
 -4936   4509
  9584   3151
  2180 -13544
  6553 -18664
  4076 -14045
  8980  -8682
  8231   4326
  7534  18317
  8847 -23966
 -6000  -6659
-10749  -4066
  9049   3043
 -5192  11609
  8478  -7161
-10914 -21275
 11829 -22552
-21360   7431
-13524  13981
 13531  14290
 -8420  29883
  2898  -6827
-22197 -22004
  4817  13100
  9370  16785
 12130  -8849
  -106  -7119
 -1507   1392
   806 -32768
 -2890   7307
  2291  -5943
  6733 -17119
  5936  17748
  2727  -5426
  -838 -32768
 -2086   1594
 12352 -10193
  3050 -18613
-18688  -5250
  4975 -16952
  -178  16006
  6777   7375
  8741   2674
 15256   3078
  2029 -32768
  4055   -557
-27152 -21566
  5132 -12312
  -136  -1578
  4011  -2662
  6159 -11994
 -3734 -27531
 -6027  -3291
 -1407 -21131
 -4699  14592
  5085  -4015
   806  19364
  7782 -16917
 -3796 -10172
 -1890  -7540
-17847  32767
-22171 -18805
-13702  13025
-16978   9429
 10358  10154
-12844  23048
-23162 -16425
  7600  31574
  3108  10207
 -5768  10436
 -7887  -7750
-26048  12911
 14155 -21838
 -3192   1926
 13391  -4978
 -1041 -18598
  1791   5737
 11777   8227
 11684  -3748
  4321 -10309
 -3452  18875
  4038 -10839
  5306   3905
  7099   2391
  5097   3382
   601   3518
  6030  -4937
-13198   3364
  1800 -17840
 -6767  -9999
 13961 -16148
-17858 -29877
  8496 -11481
  6755   5157
  9240   6871
 11876  -5802
 -2381 -10306
  1668   8163
  1805  -3508
 -4210  -6878
-12768  32767
-18069 -11891
 -7963  28085
