-3282 -9888
-10005 -3310
-9786 9515
2727 10106
-3188 3473
-2897 -3209
-10019 -3081
3433 -3351
9748 -9648
-3336 3309
-2769 -3149
-3294 -3258
-3333 -9912
10074 9699
3197 -2954
3232 -3267
3367 3345
-3370 -3352
-3292 -3276
3239 -3272
-3305 9902
9837 3422
9977 -3468
9716 3114
-3232 3196
3165 3320
-3198 9820
6928 -9970
3286 3386
-10058 -9811
-3305 3235
-9810 3783
3099 9762
3289 -3275
-9952 3144
-3217 -9965
9696 -9875
-3271 3325
3288 -3292
3433 -9649
9835 2982
3128 -9685
9735 -9594
-3260 -3365
-3215 -3129
3342 3292
-9897 6434
9596 -9456
-9547 10223
-3320 2821
-3315 -3346
-9964 -3078
-3376 9908
-3114 3285
3508 1818
-3222 -9924
3022 9664
3161 -3281
-9725 2709
-3214 9856
-9812 3452
-3073 -9990
3131 9907
3197 -3256
10083 -3351
-3320 -3219
-3238 -10102
-9789 -9685
9776 -9859
3595 3491
9312 -9864
-9279 -9788
2117 10278
-9418 -3667
9879 -3088
-1980 10030
-9729 3461
3445 -3280
3365 -3271
3333 -9726
3158 3276
3356 -9922
-3291 -3291
3149 -3304
3185 9882
-9738 -3235
9572 -9100
3464 -10083
-9847 10304
-9781 2937
9917 9745
-3251 -9743
-3561 -9882
3094 10021
-5340 -9648
-3392 -3375
3294 -3233
-9601 10217
-3388 9866
9635 -3025
-3179 3480
-9721 8966
3253 -3373
-9718 -9743
-9900 9824
9728 -9741
3319 3359
-9908 9710
10016 -9873
-10116 -8836
3416 3294
-3310 -3169
-10052 -3509
3436 9851
-3354 3362
9787 3383
3219 3399
-2681 9867
-5099 -9244
3015 9961
9911 3163
-9772 3136
-3525 -9818
3145 3173
3284 -3270
-9372 11688
3122 10007
-3252 -3156
3193 -3292
9888 9508
3689 -10117
-9763 -3364
-9387 -3533
2897 9966
9654 -922
-9665 -3258
9694 -9753
3152 2746
-5481 -3326
3334 -9884
9878 9933
-3388 -3291
-3269 9855
3206 -9906
-3333 -3298
-3166 3319
9814 -9964
-9733 -3152
-9922 10870
-4742 -9855
-8330 -3386
-9905 8937
3336 -3302
9848 -3090
-3373 9866
-9843 10548
-9936 -9741
-3401 -3291
-6452 -9766
-9521 -9744
-3313 9892
3467 3626
9985 -3020
-3134 9822
9868 3610
10041 -3301
-9931 10611
3867 3278
9804 3367
-10571 -9874
-3218 3405
9648 9917
-8589 -3509
3401 -2091
-3298 3778
3611 -10014
-3179 9813
-10623 -10366
-3038 -9986
-3262 9823
9953 -9800
-3282 3180
9850 9824
9439 -9217
3310 -9911
-3317 -9923
-9826 9694
-9646 -3334
-9858 10160
3308 -3249
-10018 5699
3244 3326
3152 3464
-9793 3039
9852 -9766
3503 9881
9870 3222
9939 -3564
-10664 -9690
9967 74
9581 -9202
-3471 3043
-3350 -3411
9764 9812
-8299 -9799
3160 -3260
-11220 -10368
9941 9612
-9650 -4267
3345 3220
-9525 -3236
-9901 9233
3290 -3280
3343 9686
3241 10033
-3606 -3185
-3276 3227
3262 3651
3365 -9756
-3259 9785
-9683 -9779
-10036 2035
-10021 3432
9903 9673
-3307 -3302
9950 3554
3429 3309
-10043 9820
10091 3210
-9744 -2930
9856 -3396
-4244 -9747
-3449 -3321
9863 9665
-3218 9846
-10318 -9970
3579 -3473
8732 -9929
-9853 11686
-9586 -3416
-9856 2934
3269 -3218
-9925 6089
-3479 -9820
-10099 -2741
3239 -9718
-2678 9786
9697 -9559
10023 -3499
9880 3454
9856 9752
-3219 -3319
-3138 9809
9729 -9928
10017 -3316
-3234 3441
9899 9899
-9921 -3242
9875 -3456
9818 -10010
-9865 9559
-9689 8914
9908 9739
-9692 9080
-9615 -3402
10291 9722
-9762 -3222
-3094 -9874
-9826 2653
-10217 10593
9901 9592
-8437 -9661
-3218 3490
3258 3235
-10003 10012
9872 -3147
2992 10082
9217 9935
-10675 -9928
-3276 2987
-3295 -3240
-3989 9845
9776 -9914
9863 3210
3444 -9748
9839 -3371
9647 -9592
3814 -9800
9895 -3437
-9784 2301
-3784 -9861
9845 9782
9489 9800
9867 3373
3388 3321
9921 -3286
-8574 8371
-9888 10997
-3475 -9908
-3269 3317
-3179 3318
-3293 9868
-9951 9920
3123 3398
-3136 9905
-3237 3384
-3264 3546
-3499 -9839
-3284 9848
10045 -10473
3121 9972
-9760 -3228
3333 9759
-9958 9714
3074 3497
3347 3356
9930 9814
10060 -3163
-9441 10673
9718 9903
-9604 -9833
-4736 -9713
3258 3203
9915 3133
-3569 3042
-3256 3398
9760 2164
-3345 3604
-9458 -9893
-3385 9908
10076 -3192
-2512 -3330
-3338 -3351
-3235 9844
4236 9593
677 -9748
-9770 -3367
-3234 -10046
-3050 9866
-3262 9763
3211 -3283
-3376 3648
9711 -8699
3146 3347
3213 9958
-9881 -9571
9978 9719
-9719 902
9983 -10215
-9645 10675
-3033 9925
-9775 2902
9685 -6109
-9819 9435
-3261 -9817
-1983 -9893
3044 10048
-9942 7929
9891 3132
9780 -9551
-10691 -10217
3203 -9846
3382 -10003
3376 3258
-9822 3315
3434 -3268
9891 3193
-10303 -9806
-3270 9801
-9150 -2524
-3410 3166
10077 -9725
9783 9752
-2520 -3320
-9866 5003
3669 9739
-3274 -3284
-3496 -3150
-1497 9818
-3242 -3299
3398 -9784
3281 -3370
9864 3009
-3128 -3157
2811 -9634
-3318 -3122
9973 9675
-3258 3283
9843 3351
-3265 -3186
-3301 3216
-3316 10018
9150 9873
9723 10056
-3368 -3269
9792 -9590
-3471 3219
3248 9956
-3265 -3261
3656 9537
8838 -9097
2845 -9767
-3435 -9802
-10029 -3359
9779 -3332
9830 3481
3170 -9720
-9918 -9954
-3445 -9770
-9523 -9913
-9769 2974
9807 3273
9897 3483
9888 -3403
4428 3543
3399 -3147
-9875 3237
10045 9904
9733 -2348
-3992 2893
-9951 7756
-3293 -3191
-10216 -3623
9782 2775
3511 3120
10295 3309
3267 8179
-3176 9836
-9897 3591
-3277 -9767
-9227 -9791
3261 -9803
-3269 -3126
-3289 9757
3372 3270
-9775 3576
-3720 -9876
9716 -9798
3761 9547
-9837 3406
-3770 -3219
3144 -9698
3134 -3188
9842 -3630
3314 -9934
3256 3410
3083 -9793
-4510 -9895
-9648 -3245
9906 -10042
-2785 3254
-10094 -3163
9811 -3296
-8050 9702
-5942 -9560
9718 -3269
10070 3290
9906 -3381
3172 3573
9988 9849
3191 -3192
-9795 -1155
9664 -9632
-3050 -9988
-3371 3584
3299 9788
-3039 -10061
9806 -9593
-9344 9773
10081 -4640
-9784 -3239
-2490 -3357
9380 -9848
-10152 -3521
-3238 -9740
-9618 -3218
3448 -9766
-3576 -9835
8825 9999
-3236 -3175
3266 3254
-9845 -3338
3226 3309
-9912 10169
-9796 3214
-9773 8466
9595 -3541
-929 -9831
9920 -6788
9935 -9767
-3206 -3046
-9247 2402
10281 9660
-9765 3140
3214 9897
9626 -9713
-9926 3087
9988 3145
-9659 -3487
-9801 -3307
4230 9666
3244 -3265
-3004 -9956
3227 -3231
9863 -9775
3257 3282
-3299 -3320
3090 -9722
-9816 -3094
3493 -9902
3290 9911
-9948 -9750
9928 -3296
-3205 -3233
-10074 -3492
-4679 -9890
-9884 -3167
-3274 -3250
3558 3278
10019 9674
-3381 4216
9689 10149
-9770 -9680
3340 9646
-10029 -9882
-9345 11671
3222 -9751
3319 3365
-9762 9089
-9769 3889
-3293 3116
-3265 -3181
-9735 10713
3307 9796
-3213 9838
9919 -10088
-3343 -9859
10049 -10480
3384 9770
-3492 -3133
-3214 3456
-3181 3269
9867 -3310
-3303 -9837
3299 -9798
-9937 3123
-9932 9749
-10050 -3137
-3201 9827
3409 3227
-9880 -10395
-9797 -809
3194 -3302
8463 -9940
-2932 -3170
-3141 3280
7383 9911
-10243 -9722
9925 -2999
-3638 3208
-10453 -9909
9795 -9932
-9114 -9634
3053 10050
-9749 9574
9903 -10234
3219 -3312
-3236 -3293
9844 3437
-3133 3310
-9774 3262
9806 2881
9877 3440
9852 3107
-9896 -3220
-3389 3543
9812 -3512
-3293 -3185
-9828 3462
9786 -2951
3408 3272
-3222 3425
-9621 -9781
3294 -3269
9891 3276
-9331 -3121
-9927 9697
-10584 -10263
9786 -3567
9910 -3367
-2951 -9910
2500 -9765
3339 3216
3163 3153
-9852 -3404
-9968 9687
9926 -3547
9629 -9350
-10037 -10100
3200 3481
3134 -9686
-3220 3029
3264 -3281
3383 -9971
9958 -3149
3464 3275
-3135 -3386
-8544 -9752
-9901 -3189
-9734 -3233
9784 -3074
9874 -3211
-3319 -3281
9863 -3180
3150 -9869
-3279 3318
3157 3232
3208 3308
9743 -9145
-9864 3324
2072 -9450
3018 9774
9887 9862
3277 -9821
-3172 9861
-9521 -3285
-9947 -3515
-9910 -9824
-9236 -9788
-3229 9902
-3076 9910
-3299 9777
9841 3421
9790 -3191
-9623 9680
3302 3393
10061 -3280
3224 -3246
9578 9890
9866 -3356
9556 -3257
9822 -3223
3315 -3323
9775 3381
3389 -9822
3410 -9868
9853 -3342
-9123 -9864
3701 -9836
-9901 8924
-3232 3382
3336 3163
2992 9953
9789 -3032
9679 -9629
9780 -2508
9921 -3518
-3281 3112
-10744 -10324
10184 9996
-2116 -10051
3155 -3273
-10167 -9710
9838 -3089
-8569 -9730
-3286 9849
-2027 -10062
3199 3304
9678 -9541
9898 3607
9856 -10012
-10473 -9856
3369 -9880
9917 -3891
-9480 -2904
-3418 3201
3345 3491
9840 3327
2957 -9608
-3346 -9921
3320 -3266
-3271 10039
-3260 9815
-11301 -9754
9937 10072
-10353 -7733
9600 9934
-9873 7770
-3071 -9950
9977 9920
-10142 -10061
-9712 -3336
3295 -3219
9994 -3261
-3273 9807
9896 3214
3211 9866
9922 3233
3341 3236
198 3438
-3354 3406
-3229 9828
9894 9650
3353 -9942
-9538 9920
9962 -3124
9856 9762
9679 10003
-10377 -3382
3138 3437
1003 10112
9853 10073
3252 -3229
3271 2568
-3220 9933
-3224 -3222
9831 -10251
9512 3138
3185 -9752
9838 3261
-3364 9633
-3249 -3569
-9966 -3252
3060 9899
-9391 -9815
-9470 -10069
-2163 -10047
-9801 3344
-4101 -9223
-9883 3339
10114 3831
-9879 9953
9681 -3007
3404 3395
-9476 -3256
6080 9666
9893 -9788
9691 9868
-9829 9816
-9919 9854
9945 -2686
9847 -9741
7318 9744
-9838 9062
10062 10337
-9788 -10032
-9850 -3267
3225 3258
9974 -3512
-9826 3383
3019 10021
9927 -9758
-9731 -10233
3431 -3310
9984 3215
3237 -9721
3337 -3298
-9959 9453
-9890 -3274
3305 3246
-9943 -3374
9940 -2958
-3290 -3284
-3364 -9889
-10314 -9842
9652 -9575
9651 2224
-10215 -9922
3053 10092
-9098 3866
-9929 3468
-3349 -3235
-10040 10089
3283 -3326
-3484 -9898
-3374 -3262
10234 -3493
9869 -3423
3348 3144
9917 -3481
-9570 11135
10221 10624
3315 -3306
3541 -3301
-3200 -9926
-9280 -2445
-3270 3229
3222 -9982
3158 9925
-5951 -9789
-10004 3774
-9811 3334
-3341 -3684
3240 9767
3360 -3210
-2545 9859
9922 9833
3165 9857
9992 -9622
9937 3369
9899 9652
-9899 1404
-8669 9300
3150 9849
-3274 9699
-3377 -9819
3222 -9746
-9969 -10017
-3208 3292
3440 -9950
-9022 -9824
9749 9895
3442 3267
3033 10157
10143 3372
3252 3373
-3177 -9913
-9690 1480
-9860 3014
9504 -7759
-9543 10191
3157 3394
9761 3379
-9858 3002
3104 3326
3550 -2644
-5071 -3307
-3222 9764
3383 -3272
3301 3238
-10008 -3561
-3286 9807
3265 9810
10034 3222
-2587 3305
-9749 9737
-3232 9788
9308 9944
-9550 12034
9800 -3624
-3251 3298
-9752 9606
-9764 3545
9743 2700
-3273 9896
9927 -3037
-10844 -9832
3221 3229
3293 -3313
-3381 -3297
-3466 -9888
-3067 -9922
9971 3253
-9677 8713
-9730 3211
9693 -9635
-3252 9783
9916 -3227
-10264 -9856
-9807 -9899
-302 -9804
-9726 -3361
3138 9899
9898 -3257
9831 -3399
-10001 -3513
3170 3235
-9090 -9820
3021 10155
-3119 -3181
-3228 -3207
-3239 9506
-3266 -9881
-9983 10035
9645 -9393
-3164 10030
-3296 -3207
-3362 -9877
3315 3341
9825 1333
-3227 -9908
4834 9663
9937 -3525
-9774 -3304
9620 -2525
-9775 -2962
-9750 1739
-9378 -9496
3373 9559
9875 -3031
-3246 9840
10131 -5009
3223 -3303
3537 9511
3728 -10017
3099 3354
9991 -9821
-3140 -9831
9817 -3083
-3197 -3176
9879 3238
10100 9391
-3295 -3301
-3266 3277
-9735 2821
10097 9730
9875 -10072
-9840 3422
-3384 -3321
8397 9937
-5446 -9862
10043 -3253
9663 -9406
9744 9839
-3138 -2201
9948 3190
-3311 9837
9943 3065
-3325 3024
-3900 -9724
-3164 3617
-3326 3713
-5865 -9849
9982 -9665
9837 3218
-9906 10249
3218 -3108
10035 3306
9912 -3242
-9850 -9914
3400 3463
-3201 -9849
-3269 -3238
3247 10043
-3326 9886
6794 -10089
-3280 3174
9767 3197
3149 9672
-5176 -9796
-9836 3593
9781 9853
3191 3484
9946 -3415
3261 3352
9865 3417
-3336 -3343
9848 3281
-9612 -9902
10053 9820
-9823 -3223
9948 3187
9893 -8544
9919 -3290
9875 -3502
-3334 -9847
9580 -9415
-9811 -3296
-9786 9364
-3219 -3127
3285 -3279
9788 -5437
9826 -3355
-9673 9590
-9937 -3313
3256 3371
9919 -3573
-9997 -3387
9260 3126
3178 -3331
3256 3522
-3252 -3428
-9874 -3237
-3175 9753
-9840 10434
3044 -9699
9732 10036
-9967 -3384
-9902 7517
9730 -1860
3209 -3309
-3173 -9831
3375 3431
-3342 -3500
-3250 3033
9707 -9796
-3225 -9867
3265 9962
-3119 9742
-9687 9832
-3317 -3444
-9776 -9948
-3249 9851
-9971 10373
-9828 4011
3288 3190
9720 3275
3367 -3372
-3440 -9867
9659 9860
9843 -9951
-11336 -9568
9789 -3100
9861 3222
-9943 9746
-3249 3304
-9825 -9746
3527 9764
3310 -3288
-9067 -9928
3067 -9807
9830 -3374
3257 -9865
9751 -9730
-3326 -3147
3303 3432
-9825 4956
9417 3163
-9986 3411
9678 -9293
9312 10026
3545 -3337
10035 2259
-3476 3032
-9653 4320
3238 3312
-3366 9980
-3392 3216
-9549 9360
-2327 9753
-9950 9097
-9435 -2966
3563 -9902
9891 -3156
-3293 -3254
-3291 -3266
-4707 -9762
10070 -3278
-3183 -3177
-3216 -3032
9694 -9868
-3211 3234
-3202 -9856
-3285 3140
-3134 9871
10176 3262
-9387 2575
9678 -2986
3508 2705
9792 -3086
-10255 -4933
-3166 -9802
-3229 3379
-9775 3265
4558 9627
9873 -9727
2996 10071
3354 -3336
3168 9881
-3380 9825
9683 -2998
-10026 10016
3356 -9911
-9791 -9918
-10145 -7952
-9682 3149
9820 3576
-9748 8650
3164 9981
3233 -3298
-10683 -9806
-3319 9960
-3230 3239
-3173 9879
-3260 9905
9906 -10146
3232 -3322
2528 9952
3240 -9779
-9847 2917
-10150 -3583
2645 -9833
-9547 -3342
-9961 8231
-10864 -9874
3315 -3269
3429 3120
10067 3206
-3258 9786
3145 3297
9915 3157
3196 9890
3158 10204
-9882 -3135
-10053 -3277
-3255 -3217
-3247 9977
9816 9983
-3286 9850
3100 -9864
-3570 -9826
-3123 -9953
9545 10049
3370 3325
-9590 11056
-9886 9881
9796 -3114
3282 9707
-3296 9750
9763 -3116
-3221 -9829
-9944 -3321
9674 -9841
-9851 9188
-3271 9838
-3175 -9944
-8836 -9825
3292 -3358
9822 3122
-3233 3284
-9883 9757
3238 -3247
-9748 4609
-9480 -3436
3404 -9816
-8962 -9624
-9739 -3309
3372 -9825
9707 -9965
4479 -10019
3279 -9605
2980 10122
9570 -9382
9723 -3242
-3173 9793
-3125 -9880
9923 3234
-9603 9752
9778 -9733
3209 -3024
-3305 9801
-9709 3458
-8382 -3481
3197 3209
-953 -9775
4343 9631
-9637 -3374
3196 -3273
-9799 5320
9519 -9882
-3273 9846
3266 8974
-9745 -3354
10029 -4480
-3331 -3359
-3026 9800
9912 -9853
-9391 -9710
-9919 5519
-3226 -3181
-3267 9865
-4482 -9795
-9483 2547
-3356 -3366
-3206 9586
-3172 3474
-9939 -9605
9726 -9794
-9864 -3387
9707 -2967
-9959 10145
9943 -9802
-3284 -9943
9489 -9619
-9744 9476
-3246 3033
-3276 3411
-2571 9948
9779 2417
10150 -9594
3387 -9907
-3216 3354
3406 9236
-3197 -9855
2679 -9817
-3287 3304
3596 3439
9641 -9305
9735 10013
-3383 -3321
-10082 4298
3661 9729
9796 3244
-3305 -3303
-10296 -3786
-9612 -9839
9597 -9185
-3267 -3203
3240 3433
3487 -9813
-3222 9849
-9851 4635
3333 3107
-3171 9873
-9979 -3441
-9671 11454
3171 9873
2679 -3785
10030 3251
9751 3292
-9472 -3142
3270 -3220
9825 -3294
9794 9810
-9825 -3227
9421 -9701
10008 2970
2904 10057
-9926 8640
9869 -3400
3526 -9705
-10022 -9916
-9926 -9810
9894 -3067
-3351 3660
10075 9736
3681 9865
3161 9933
-3260 3220
9852 3541
-2917 -3242
3157 3337
9935 -3313
-3340 -3445
3232 3231
3265 9874
-9912 6813
-3396 -3402
9853 -9600
9763 -9607
9828 9814
10024 -10369
3588 -10037
-9836 1611
10036 -3308
3328 3138
3209 9965
-9931 9691
-9898 9436
-8835 -9736
-9843 3581
3547 -9856
2708 9909
9772 1464
-10014 10343
-8891 -9764
10104 9872
-3410 -3296
3276 -9767
9986 -3227
9764 -9890
3394 3578
3076 1822
10041 -10588
-10019 -5035
3350 -9053
-4748 -9488
3465 3312
-3169 -3152
3258 -3299
-9871 10647
-3369 9769
9936 9883
7462 9846
9965 2997
-3082 9787
9923 -3489
-9893 4779
3362 -9830
3112 -3107
3269 3202
4381 -3413
3293 3249
8244 -3230
9815 3424
3452 -3241
9842 3153
-3120 9790
9483 -3546
3204 10071
-3266 -3357
3247 -9721
3183 -9871
-3296 9934
3049 -3339
3315 9903
3289 -3292
3234 -3236
1477 9873
9990 -10544
-3450 -3547
-3125 3145
9827 -9840
2901 9981
-9537 -9796
3158 -3274
9905 -4854
-9747 -10064
9833 3393
-9824 9565
-3354 -9854
-9890 -9759
-10020 -3289
-3263 3467
-3264 -9862
-9916 9797
3278 -9715
3440 -3202
9883 2348
-9945 -9806
-9761 10261
-9652 2689
-9876 3504
9808 -9810
9420 3103
-3248 -9869
9926 -3350
10077 -9722
9902 3335
9673 -9560
3179 3436
9837 3217
-9675 -3248
-10104 -5354
-3363 3356
-3137 3591
-3522 -9908
3237 -3280
-9773 -3360
-9827 3469
-10251 -9744
9830 -9793
-8725 -9695
-3177 9838
-9859 -3252
9827 -10079
9763 -9520
-9568 -9786
9945 -3343
3120 -9782
-10301 -3481
-9982 9570
-3938 -3064
9940 10105
9872 3143
9904 -9948
-10205 -9865
10023 -10235
3621 9879
-9804 2861
-9734 -3237
-3220 -3224
-3312 3195
9892 -10202
8236 9871
3210 3267
-120 9959
9892 3412
3321 -9812
4009 -10207
9789 -9717
-9908 -9626
-9824 3787
-9884 7294
9752 -3905
-4918 9889
9896 3621
-3411 9384
-9933 2211
-3214 -3047
-3234 9734
-5491 -9818
9596 -9900
-3344 9856
3268 3151
-3168 9823
3635 -9838
-3246 -3314
8612 9433
-3215 3577
3241 -9796
-3147 9878
-3698 -3184
-9873 2676
9931 3292
3411 9817
-9954 -3465
3317 -9905
-8996 -9429
-9915 10119
-8953 -9714
-7491 -9788
9757 9984
-9902 10634
-3486 9809
-9813 3176
-4854 3285
3486 3354
-3314 8869
10006 -10391
-11195 -9635
-3400 9953
9684 -4289
-3060 -3328
3465 -9816
3140 9978
-10612 -9742
9879 3370
3688 -9910
4927 9470
-3190 -3441
-4186 -9810
-3297 2967
3041 -3204
9878 -3503
-3195 3755
-3138 -3499
-9242 1627
-9801 9597
-9734 -2956
9774 -2702
3208 3390
3237 -3250
3413 3203
-9796 -3774
3294 -3256
-9729 -3200
3630 -9991
-3337 -3342
3271 -9905
-3418 -3298
3081 9981
-3229 3528
9835 -3134
-9983 2549
9742 3174
9833 -2445
2898 -9803
-9895 7572
3212 3345
3335 3057
3340 3317
6643 9242
-6395 -9769
-3262 3435
2151 -9709
-3227 -3546
-8357 4385
9819 3448
-3530 -9753
-3227 1187
3129 9826
9552 10048
3438 -9861
9620 10626
9725 -9470
-3210 -9719
9413 9760
-4363 -9728
-10047 -4320
9681 9803
-3162 10048
-9952 3595
5756 9702
-3317 9737
-3323 -9765
10041 -3139
-9583 13013
-9375 -9849
3282 3236
9716 772
9834 3431
-9834 -9758
-3329 3080
9811 -3010
9538 9244
-3159 -9920
-3298 -3524
3440 2234
-3181 9781
-9960 9403
9888 3496
9594 -9237
3233 -3233
-8153 -9550
-3351 2845
-3220 -9721
-8712 -9778
10091 3162
9588 -9249
-9760 2990
9267 -2958
-9668 -9807
-3286 3341
-4085 -9728
3298 3294
9783 3517
9730 9823
-2641 -3268
3481 -3275
-3812 3317
3349 -9993
-3263 3304
9564 9941
3397 -9656
-9469 -4503
3242 3368
-2811 -9905
7009 10044
-9505 10824
-9956 -3294
3265 9699
-3265 -3046
3252 3363
2201 9468
-3398 3141
-9978 -3449
-5453 -9729
3182 -3188
9860 2955
-9904 2438
-9758 -3266
-5012 -9868
9859 -9799
-9852 3292
8785 3305
3684 -10083
3151 -3282
-8846 -9812
-10079 -10115
-9568 3167
10013 -10129
9976 -9833
-9856 -3242
2867 -3512
3180 9893
-3296 -3242
9761 9564
-3382 -9862
-3336 3203
-9578 -2835
-3465 2947
10007 -9759
-2887 -9951
-9549 10512
10191 -9928
3152 3363
-3351 3197
-886 9769
10277 -9651
9978 3444
-3287 -3364
-9886 4043
9797 9981
-9735 -343
9934 3203
-9713 10155
9959 -10456
3473 -9934
784 9874
-9864 -9958
-9932 7739
-9899 -3274
9724 9311
-3350 -9922
-10039 10182
-3332 3518
-9704 10116
-9806 3217
10003 9846
3195 -3289
3390 -3333
-9807 2897
3324 9895
-9917 2301
3378 3010
-3237 3413
9874 -9664
9531 -9906
9879 9741
-3218 3328
-10021 10179
-3290 3302
-3267 -3209
3204 -9805
-3360 -3306
6174 9746
-3301 -3301
3012 10334
-8340 -9905
-9994 -3434
9956 -10322
3250 10114
9686 -9830
3201 -3335
-9763 2836
3339 -9834
-9531 -9999
-9340 -9762
-4259 -9842
-3274 -3381
9745 9891
-10002 4411
-9902 9736
-9883 4899
3370 -3289
-9729 2923
9841 3351
3283 3206
3377 9805
9813 3241
-3492 -9826
-3293 3406
9794 -4884
-10033 -3002
-10236 -9844
-8610 -9812
10034 9844
10051 9793
9749 -3310
9858 9641
9917 -3614
3467 9751
-3252 9795
9506 -9878
-9790 -3387
-9801 10248
9696 9935
-3751 -9784
9899 -3253
-3264 3235
3290 -3339
-3287 9878
9831 3370
-9970 6621
3265 9145
-4213 -9824
9797 10047
-9921 7098
-9867 -2944
3231 -9875
9353 4426
9882 9913
3128 3636
9846 3372
-3301 -3375
-3320 -3254
-9780 -3247
-3279 9785
-9079 -9925
-3135 9737
-3338 9964
9872 -10201
9914 3377
-9903 10198
3154 3490
9895 -3459
-9576 9747
7613 6290
-8931 -9697
-9374 2413
-3281 9842
9758 -3435
9882 3283
9852 3361
-3444 -9865
-9906 10726
-3213 -2878
9904 -3247
-9578 -10066
-9799 -3241
-9876 6441
-9859 -3224
-2995 -10030
-9851 9562
-3260 9889
3106 -3284
-9813 3374
-9921 3568
-3267 -3312
9771 -3101
3293 3281
-3224 9873
9803 -9828
-9752 -3283
3217 9538
-10202 -9695
9777 -3405
9856 -3051
9986 -10244
9829 -3437
-9802 2847
2933 10083
9865 -280
-5780 -9475
3047 -3262
3327 -9821
3512 -3361
10056 -10762
-4221 -3290
3335 9726
-10272 -9960
9166 -3003
3185 3243
3372 9897
-9725 -3363
-3168 9853
3433 9883
9834 -3271
-9884 3208
-9722 9982
9592 3367
-9393 -9866
-3272 -3420
-3162 9800
-9955 3620
3392 -9857
3332 -3224
9741 3288
4446 9538
9861 3247
-3764 -2989
3463 -3398
-3267 -3182
-3286 3214
-9988 8050
9855 -3116
10004 -9929
-3211 -2407
-3436 -9689
3414 3323
3740 9576
9848 3208
-11091 -9737
-3275 9974
-3165 9813
9760 -2939
9613 -9795
9738 9787
-9831 3232
-11184 -9985
-9569 3783
-9964 1966
3287 3339
1921 -3100
-1743 -9574
-9851 5274
-3095 -3326
9797 -3070
9602 -9960
9840 3285
-9817 3256
-9770 -3307
-3289 9714
-10090 -4540
-3065 -9927
9773 -3172
-3225 -9893
9836 -9637
3263 3165
9778 -9822
-10970 -9842
10128 -9996
-9939 8876
-9733 -3345
-3351 -3196
-9830 -3113
3641 9674
-9942 -3328
-3310 -3229
-3320 3030
3160 10096
-9837 -9715
-9931 8764
-9863 10131
9846 -9780
-3553 -9786
-9380 -9564
-9872 10261
3190 9873
-3199 9851
-3243 -3347
3188 -3282
9974 -9813
-3158 3310
-9836 -3239
-9800 7678
9798 3551
-9960 9691
9776 9750
-9958 -339
9878 -3208
3174 -3232
-9767 3022
3206 3443
-9779 3372
3290 9704
3493 9803
3292 -9864
-3294 3504
-3309 9741
3122 -9849
3282 3505
-3315 -3394
10066 -10260
10150 -9695
-3357 9768
3579 9805
3494 9695
-9961 8693
9610 -9592
9954 9770
-9490 10282
1372 -9684
8029 10028
9948 3356
-3296 9891
-9834 10215
9854 -9694
-9782 10816
9796 -3492
3335 3205
9725 3230
9976 -3489
-4191 -9838
-9924 9614
9576 -3282
9775 -9770
3371 -9838
9852 3331
9775 -3116
3614 9271
-9809 3110
-3267 3502
3172 -3239
-9847 3968
9963 -9795
9944 -3037
-6705 -9783
-3227 3308
3206 9801
3099 -3349
9917 -3031
-9861 2851
9927 -3405
2893 10008
4561 -9819
10035 3141
-3118 9893
-3039 -3195
3645 -9839
-3228 9846
-9832 3452
3217 3215
9624 -10196
-3315 -9884
-7593 -9655
9850 3313
-9889 -3389
-10326 -9961
9765 10005
3297 3424
-3303 3192
-9707 8978
2290 -9660
-9719 1869
-9700 2955
3490 -9884
-9802 2523
9918 3124
-3263 3263
3224 -9824
-3281 3214
3366 -3222
-9975 10763
-3477 2913
3139 3580
9916 9529
-9889 -9762
-9864 4401
3187 9909
-3291 -3075
10010 3144
-3406 9998
3291 -9803
-9893 9469
-3532 -9880
-9842 -3250
9673 -3240
9744 -9450
-3475 -3264
9972 2933
-10803 -9709
3285 3190
-9869 4007
9859 9755
3102 -9761
3837 9719
9765 3323
3282 -3312
-3317 3304
-9895 -3219
-3234 3209
-9906 -9730
9943 -3450
3201 -9686
9619 9860
9496 -9902
9706 3379
-3163 3312
3189 9804
-3278 -3411
-9759 10712
9955 -9753
3220 9653
-9853 9893
-3264 -9826
-3376 -3244
2777 -9805
3688 -10082
3274 -3289
-9821 3231
9827 10094
9866 9744
2782 -9783
-3263 3221
3178 9768
9594 -9361
6072 9556
-9869 4946
-3245 3204
-9813 3360
3285 3357
-3251 -3229
2832 9846
-3183 3405
3403 -9883
9798 3274
-3288 3216
3455 9723
-9844 -3152
3274 -9698
9797 9972
3464 -9848
2761 -9525
-3215 9849
-9961 10063
9976 3493
2160 -9643
-9985 -9486
-9889 2816
3613 9446
-3147 9878
9719 -3138
9818 3577
3270 -3278
9692 -3059
-9859 3271
3191 -3054
3437 9779
9839 3079
2588 -9794
3233 3337
-8802 -9788
-3359 -9880
-5553 -9746
-3153 -3332
3569 3161
3212 9980
-9907 -3176
-9981 8603
-3079 -9856
-3557 -9820
9889 -9874
-3252 -3346
3512 -9942
-10571 -9721
-3178 9837
-9055 -9848
-3058 3285
-9224 -1901
-5225 9727
3482 -9931
9879 3436
-482 -9882
3427 -9877
3534 -3248
3026 10186
-8974 -9703
3263 9781
